217
0 1
0 2
0 3
0 4
0 5
0 6
0 7
0 8
0 16
0 42
0 95
0 104
0 105
0 122
0 127
1 3
1 4
1 5
1 6
1 7
1 8
1 9
1 10
1 12
1 13
1 18
1 26
1 28
1 42
1 43
1 44
1 45
1 46
1 47
1 48
1 49
1 50
1 51
1 52
1 53
1 112
1 178
1 190
1 199
2 3
2 4
2 5
2 6
2 7
2 8
2 9
2 12
2 13
2 16
2 21
2 26
2 42
2 43
2 44
2 56
2 58
2 59
2 62
2 96
2 104
2 105
2 112
2 126
2 127
2 128
3 4
3 9
3 10
3 28
3 42
3 43
3 44
3 47
3 55
3 104
3 107
3 131
3 132
4 9
4 11
4 12
4 13
4 28
4 42
4 43
4 48
4 50
4 96
4 97
4 104
4 108
4 156
5 8
5 48
5 70
5 97
5 104
5 112
5 116
5 190
5 196
6 7
6 13
6 21
6 26
6 58
6 105
6 106
6 112
6 122
6 123
6 127
6 139
7 13
7 16
7 26
7 27
7 30
7 34
7 38
7 41
7 42
7 63
7 106
7 112
7 123
8 48
8 104
8 112
8 116
8 122
8 190
8 196
9 10
9 11
9 12
9 13
9 14
9 15
9 16
9 17
9 18
9 19
9 20
9 21
9 22
9 23
9 51
9 107
9 159
10 15
10 22
10 51
10 68
10 86
10 87
10 88
10 104
10 107
11 12
11 22
11 86
11 107
11 108
11 109
11 110
11 111
11 129
11 134
11 198
12 21
12 22
12 23
12 24
12 25
12 35
12 42
12 43
12 44
12 51
12 52
12 99
12 107
12 119
12 127
12 129
12 130
12 212
13 21
13 26
13 35
13 42
13 43
13 58
13 59
13 62
13 104
13 105
13 112
13 125
13 129
13 135
13 139
14 17
14 22
14 67
14 86
14 141
14 149
14 159
14 216
15 20
15 23
15 31
15 68
15 69
15 88
15 99
15 100
15 101
15 103
15 119
15 132
16 17
16 19
16 23
16 24
16 30
16 34
16 43
16 49
16 50
16 53
16 58
16 104
16 106
16 123
16 126
16 130
16 146
16 147
16 159
16 178
16 188
16 197
16 200
16 201
17 18
17 19
17 44
17 67
17 96
17 101
17 159
17 193
18 20
18 31
18 39
18 44
18 47
18 49
18 69
18 71
18 72
18 112
18 117
18 119
18 123
18 126
18 132
18 139
18 159
18 162
18 178
18 198
18 200
18 203
19 24
19 26
19 29
19 68
19 72
19 98
19 114
19 126
19 159
19 162
19 178
20 35
20 45
20 49
20 50
20 52
20 69
20 86
20 87
20 88
21 26
21 44
21 52
21 56
21 57
21 58
21 59
21 105
21 112
21 122
22 86
22 107
22 108
22 109
22 110
22 111
22 128
22 129
22 132
22 136
22 205
23 44
23 51
23 54
23 69
23 72
23 91
23 99
23 107
23 110
23 114
23 126
23 140
23 147
23 148
23 162
23 178
23 186
23 188
23 198
23 200
24 25
24 26
24 27
24 28
24 29
24 30
24 31
24 32
24 33
24 34
24 35
24 36
24 37
24 38
24 39
24 40
24 41
24 112
25 35
25 44
25 48
25 53
25 60
25 113
25 114
25 115
25 116
25 117
25 118
25 119
25 120
26 27
26 28
26 33
26 39
26 41
26 43
26 44
26 46
26 53
26 58
26 59
26 65
26 76
26 104
26 105
26 106
26 112
26 121
26 122
26 123
26 124
26 125
26 195
26 203
27 28
27 32
27 33
27 34
27 36
27 38
27 39
27 41
27 73
27 105
27 106
27 123
28 29
28 44
28 47
28 49
28 50
28 107
28 131
28 137
28 138
28 157
29 121
29 150
29 152
29 157
29 195
30 34
30 83
30 106
30 146
30 197
31 35
31 49
31 92
31 96
31 99
31 100
31 101
31 102
31 112
31 159
31 178
31 198
32 33
32 34
32 36
32 38
32 39
32 41
32 123
32 127
33 36
33 38
33 39
33 41
33 123
33 127
34 41
34 103
34 106
34 112
34 170
34 197
35 38
35 45
35 49
35 50
35 52
35 67
35 112
35 113
35 114
35 118
35 119
35 132
35 135
35 168
35 170
35 172
35 178
35 203
36 106
36 170
36 197
37 73
37 75
37 79
37 81
37 82
37 83
37 85
37 121
37 138
37 147
37 184
37 195
38 41
39 41
39 53
39 112
39 119
39 123
39 127
39 132
39 191
40 51
40 54
40 56
40 57
40 60
40 61
40 64
40 69
40 115
40 119
40 127
40 130
40 143
40 144
40 145
40 149
40 155
40 162
40 165
40 166
40 168
40 171
40 174
40 177
40 182
40 183
40 184
40 208
40 213
40 214
41 112
41 123
42 58
42 96
42 104
42 112
43 58
43 96
43 104
43 106
43 112
43 211
44 66
44 68
44 86
44 107
44 111
44 126
44 127
44 128
44 130
44 139
44 158
45 46
45 47
45 48
45 49
45 52
45 68
45 72
45 89
45 91
45 92
45 95
45 97
45 98
45 99
45 102
45 114
45 146
45 147
45 160
45 161
45 172
46 53
46 89
46 91
46 92
46 93
46 95
46 105
46 114
46 115
46 120
46 124
46 137
46 140
46 145
46 146
46 162
46 165
46 166
46 169
46 171
46 176
47 54
47 55
47 57
47 68
47 90
47 91
47 95
47 97
47 145
47 160
47 192
48 67
48 93
48 97
48 116
48 198
49 50
49 52
49 53
49 67
49 72
49 98
49 99
49 100
49 101
49 117
49 119
49 147
49 159
49 169
49 178
50 51
50 52
50 53
50 69
50 72
50 98
50 117
50 120
50 124
50 130
50 147
50 161
50 178
50 203
51 52
51 53
51 60
51 66
51 69
51 72
51 87
51 96
51 97
51 101
51 103
51 125
51 130
51 136
51 147
51 168
51 171
51 214
52 66
52 69
52 97
52 98
52 124
52 130
52 139
52 161
52 166
52 168
52 199
53 63
53 64
53 70
53 114
53 115
53 119
53 120
53 121
53 123
53 130
53 132
53 147
53 161
53 169
53 178
53 183
53 195
53 200
53 203
54 55
54 56
54 57
54 58
54 59
54 60
54 61
54 62
54 63
54 64
54 65
54 69
54 97
54 111
54 145
55 56
55 57
55 59
55 62
55 63
55 64
55 75
55 143
55 144
55 145
56 57
56 58
56 59
56 60
56 62
56 63
56 73
56 75
56 78
56 79
56 85
56 145
56 146
56 147
56 148
56 149
57 58
57 59
57 60
57 61
57 62
57 63
57 145
58 59
58 62
58 69
58 104
58 105
58 112
58 145
59 62
59 63
59 125
60 61
60 62
60 69
60 115
60 119
60 120
60 127
60 130
60 132
60 145
60 147
60 164
60 166
60 168
60 169
60 213
60 214
61 62
61 69
61 115
61 119
61 120
61 127
61 130
61 132
61 144
61 145
61 147
61 164
61 166
61 168
61 169
61 208
61 214
62 63
62 65
62 69
62 119
62 125
62 145
62 149
62 164
62 201
63 64
63 65
63 70
63 120
63 145
63 148
63 149
63 157
63 211
63 215
64 65
64 70
64 74
64 76
64 84
64 97
64 120
64 125
64 127
64 143
64 144
64 148
64 149
64 155
64 177
64 181
64 182
64 183
64 184
64 193
64 201
64 211
64 213
65 70
65 74
65 76
65 125
65 133
65 134
65 149
65 156
65 182
65 201
65 204
65 209
66 67
66 68
66 69
66 70
66 71
66 72
66 98
66 130
66 148
66 168
67 71
67 96
67 101
67 132
67 176
68 71
68 72
68 84
68 86
68 87
68 88
68 98
68 124
68 155
68 163
68 165
68 168
68 190
68 192
68 195
68 200
68 203
68 210
69 72
69 82
69 86
69 87
69 107
69 110
69 111
69 115
69 118
69 119
69 120
69 124
69 126
69 127
69 130
69 132
69 140
69 141
69 143
69 144
69 145
69 146
69 147
69 149
69 155
69 156
69 161
69 162
69 164
69 165
69 166
69 168
69 169
69 171
69 178
69 180
69 181
69 185
69 205
69 206
69 212
69 214
70 71
70 84
70 93
70 105
70 114
70 120
70 125
70 140
70 142
70 148
70 155
70 157
70 165
70 166
70 177
70 183
70 193
70 194
70 195
70 201
70 204
70 211
70 212
70 215
71 84
71 87
71 88
71 119
71 124
71 140
71 142
71 155
71 161
71 165
71 192
71 193
71 200
72 117
72 125
72 126
72 130
72 146
72 161
72 162
72 164
72 165
72 168
72 169
72 178
72 183
72 187
72 192
72 198
73 74
73 75
73 76
73 77
73 78
73 79
73 80
73 81
73 82
73 83
73 84
73 85
74 75
74 76
74 78
74 82
74 83
74 85
74 133
74 134
75 76
75 78
75 79
75 81
75 82
75 83
75 85
75 121
75 138
75 150
75 152
75 153
75 157
75 172
75 183
76 78
76 82
76 83
76 85
76 134
77 78
77 80
77 81
77 150
77 167
77 168
77 172
77 173
77 175
77 185
77 186
77 187
77 189
77 194
77 195
78 80
78 81
78 82
78 133
78 143
78 150
78 173
78 183
79 82
79 83
79 85
79 94
79 112
79 122
79 138
79 150
79 173
79 183
79 194
80 81
80 114
80 125
80 133
80 150
80 167
80 168
80 172
80 173
80 175
80 183
80 185
80 186
80 187
80 194
80 195
80 204
81 94
81 121
81 133
81 150
81 152
81 153
81 168
81 183
82 83
82 85
82 124
82 128
82 130
82 138
82 143
82 144
82 168
82 180
82 181
82 183
82 184
83 85
83 134
84 87
84 93
84 94
84 124
84 125
84 134
84 138
84 140
84 141
84 142
84 143
84 157
84 163
84 164
84 165
84 168
84 183
84 184
84 193
84 204
84 211
85 134
85 183
86 87
86 88
86 109
86 110
86 111
86 128
86 129
86 149
86 154
86 205
86 206
86 212
87 88
87 93
87 130
87 140
87 142
87 160
87 161
87 165
87 192
87 193
87 200
88 161
88 193
88 200
89 90
89 91
89 92
89 93
89 94
89 95
90 195
91 92
91 93
91 94
91 95
91 97
91 114
91 137
91 146
91 162
91 169
91 171
91 174
91 176
91 177
91 185
92 95
92 99
92 114
92 146
92 162
92 169
92 174
92 176
92 185
93 94
93 95
93 97
93 137
93 140
93 150
93 165
93 166
93 174
93 177
93 192
94 95
94 137
94 142
94 146
94 153
94 165
94 183
94 189
94 192
94 193
95 114
95 115
95 128
95 137
95 140
95 146
95 162
95 169
95 171
95 176
96 97
96 98
96 99
96 100
96 101
96 102
96 103
96 190
96 191
96 210
97 98
97 107
97 116
97 125
97 140
97 143
97 144
97 153
97 161
97 162
97 167
97 168
97 170
97 183
97 198
97 205
97 214
98 188
99 100
99 101
99 102
99 103
99 111
99 114
99 119
99 147
99 190
99 206
100 101
100 103
101 102
101 103
101 159
101 199
102 148
104 105
104 106
104 107
104 129
105 112
105 123
105 139
105 140
105 141
105 142
106 112
106 119
106 121
106 123
106 197
106 201
106 207
107 108
107 109
107 110
107 111
107 112
107 116
107 129
107 131
107 132
107 200
107 205
107 210
108 109
108 110
108 129
108 135
108 136
109 110
109 111
109 128
109 129
109 205
109 206
110 111
110 128
110 129
110 205
110 206
110 212
111 118
111 119
111 120
111 128
111 129
111 148
111 205
111 206
111 212
111 216
112 121
112 122
112 123
112 124
112 132
112 139
112 155
112 158
112 170
112 183
112 184
112 197
113 114
113 115
113 119
113 120
113 166
114 115
114 119
114 137
114 146
114 147
114 162
114 164
114 169
114 172
114 176
114 183
114 195
115 119
115 120
115 127
115 155
115 164
115 169
115 171
116 139
116 191
116 198
117 119
117 130
117 178
117 191
118 119
118 120
118 169
118 212
119 120
119 126
119 127
119 168
119 169
119 170
119 172
119 178
119 191
119 203
119 206
119 214
120 127
120 128
120 135
120 148
120 149
120 169
120 178
120 183
120 205
120 206
120 211
120 212
120 215
121 138
121 150
121 151
121 152
121 153
121 154
121 155
122 123
122 132
124 125
124 126
124 127
124 130
124 139
124 165
124 166
124 183
124 184
124 191
124 192
124 193
124 208
124 210
125 138
125 141
125 143
125 149
125 156
125 164
125 165
125 168
125 175
125 179
125 180
125 182
125 183
125 184
125 194
126 135
126 147
126 158
126 162
126 178
126 200
127 139
127 140
127 143
127 145
127 149
127 155
127 160
127 164
127 165
127 166
127 168
127 171
127 177
127 183
127 184
127 211
128 129
128 136
128 205
128 206
128 212
128 216
129 131
129 205
129 206
129 210
129 216
130 137
130 141
130 147
130 161
130 168
130 171
130 178
130 203
130 214
131 200
132 135
132 136
132 154
132 155
132 198
132 216
133 134
133 156
133 157
133 163
133 183
133 186
133 194
133 201
133 204
133 209
134 137
134 138
134 143
134 148
134 156
134 160
134 173
134 175
134 183
134 184
134 195
134 201
134 204
134 209
134 213
134 215
135 136
135 169
135 170
136 157
136 170
136 202
136 216
137 146
137 150
137 152
137 153
137 157
137 160
137 162
137 167
137 169
137 171
137 172
137 173
137 183
137 185
137 186
137 204
138 143
138 144
138 151
138 155
138 161
138 168
138 175
138 179
138 180
138 181
138 182
138 183
138 184
138 192
138 208
138 210
138 213
139 155
139 210
140 142
140 160
140 162
140 163
140 164
140 165
140 166
140 174
140 185
141 142
141 164
141 165
141 183
141 193
142 163
142 165
142 166
142 193
142 195
143 144
143 149
143 151
143 155
143 160
143 163
143 168
143 175
143 179
143 180
143 181
143 182
143 183
143 184
143 194
143 208
143 211
143 213
144 151
144 155
144 168
144 179
144 180
144 181
144 182
144 183
144 184
144 194
144 208
144 213
145 171
145 210
146 150
146 160
146 166
146 169
146 171
146 174
146 176
147 154
147 162
147 177
147 178
148 149
148 162
148 168
148 211
148 215
149 155
149 164
149 177
149 183
149 184
149 211
149 213
149 215
150 152
150 153
150 157
150 160
150 167
150 168
150 171
150 172
150 173
150 174
150 175
150 185
150 186
150 187
150 204
151 179
151 180
151 181
151 182
151 183
151 184
152 153
152 172
152 188
152 189
153 167
153 172
153 173
153 175
153 183
153 189
154 202
155 160
155 163
155 164
155 165
155 168
155 175
155 177
155 179
155 180
155 183
155 184
155 185
155 192
155 193
155 200
155 210
155 211
155 215
156 157
156 168
156 201
156 202
156 204
156 207
156 209
157 168
157 171
157 195
157 204
157 213
159 178
160 163
160 165
160 166
160 168
160 171
160 177
160 185
160 186
161 168
161 189
161 192
162 164
162 169
162 171
162 176
162 178
162 186
163 165
163 167
163 173
163 175
163 183
163 189
163 193
163 204
164 168
164 169
164 175
164 178
164 185
164 194
164 211
165 166
165 168
165 171
165 174
165 177
165 183
165 185
165 192
166 168
166 171
166 174
166 177
166 183
166 193
167 168
167 171
167 172
167 173
167 174
167 175
167 185
167 186
167 187
167 189
167 192
167 194
167 204
168 175
168 177
168 182
168 183
168 184
168 189
168 214
169 171
169 176
169 178
170 187
170 191
170 198
170 202
171 172
171 174
171 185
171 186
172 173
172 175
172 186
172 187
173 175
173 182
173 185
173 186
173 187
173 189
173 194
173 204
174 175
174 185
174 186
175 184
175 185
175 186
175 187
175 189
175 194
175 204
177 183
177 185
177 192
177 211
178 198
178 200
179 180
179 181
179 182
179 183
179 184
179 194
179 208
179 213
180 181
180 182
180 183
180 184
180 194
180 208
180 213
181 182
181 183
181 184
181 194
181 208
182 183
182 184
182 194
182 208
182 213
183 184
183 186
183 189
183 192
183 194
183 200
183 208
183 213
183 214
184 194
184 195
184 208
184 213
185 186
185 187
185 192
186 187
186 189
186 194
186 210
187 189
187 194
187 204
188 198
189 204
190 191
191 198
192 208
193 200
194 204
194 208
194 215
195 203
199 200
201 204
201 207
201 209
202 204
202 207
202 209
202 210
203 210
204 207
204 209
205 206
205 212
205 216
206 212
206 216
207 209
211 215
212 216