0.1749145062
0.7336520652
0.7171831028
0.5199610911
0.6506972831
0.9877709463
0.9898851283
0.0410168753
0.0691218937
0.2170722863
0.1175210385
0.6975776020
0.8469657394
0.1405913146
0.5970660132
0.6788544647
0.8672113480
0.4194618133
0.2101667250
0.9652289037
0.8742082572
0.0765784173
0.5126152290
0.5212798345
0.0359629664
0.9883755163
0.0263825532
0.3418936171
0.6565683989
0.9944412927
0.6430925992
0.0510989155
0.9563519851
0.0203991292
0.1830166905
0.2231937625
0.6267598292
0.8423129244
0.9498219600
0.5696573559
0.4277380663
0.8402942199
0.8806199350
0.3300013934
0.7955156406
0.6459332795
0.9931754950
0.2358765811
0.0291441737
0.7982992499
0.3166950320
0.1125315535
0.6067452550
0.9847273522
0.9304740118
0.1319061079
0.7190976391
0.5859554899
0.8558419695
0.4500117782
0.1470826248
0.1276393515
0.7208151047
0.2023187597
0.0319059926
0.2898026308
0.3617778651
0.5072351906
0.7667672968
0.0975294585
0.1759705392
0.9711321716
0.9074609483
0.2281445429
0.5597172927
0.6228860982
0.7102900447
0.1572805998
0.5833700824
0.2715365334
0.8795569574
0.4694867081
0.7558204211
0.5994041168
0.1746328275
0.5256042635
0.2523826083
0.1081512291
0.3834636367
0.2550163397
0.0264212220
0.3713588136
0.4221734541
0.5842331632
0.2480460609
0.8838707384
0.8113048798
0.9230294407
0.0167714355
0.4882749225
0.2730056080
0.1351200518
0.3267806529
0.2622768887
0.5122863255
0.4084474942
0.5680334558
0.8306841914
0.6938877067
0.7290971715
0.0817312217
0.1941940882
0.4510370738
0.7067051893
0.2813590621
0.1520682257
0.9302430091
0.5236529869
0.8549037137
0.4075977822
0.0414215180
0.6716579322
0.6703090146
0.7679094418
0.6974063640
0.3245940646
0.2689289725
0.5165183982
0.0776557602
0.3138941311
0.9175448927
0.9733903511
0.7834335711
0.0124946452
0.1137334794
0.8963261919
0.1786370775
0.9896524271
0.7144503959
0.5078968442
0.4945620402
0.4834781685
0.0942322598
0.0586831970
0.6963743105
0.7570521792
0.7258446576
0.3305940972
0.9860956018
0.6241483481
0.0626359872
0.1825303487
0.7103413703
0.3838275277
0.4595608171
0.1720128018
0.0275148996
0.2551702019
0.3477661229
0.1719985643
0.2596424228
0.0273866425
0.6706441416
0.8832803156
0.0243490317
0.8718106649
0.6283647645
0.2998690929
0.6523056264
0.1703985346
0.5526843425
0.2040427897
0.8049309291
0.5981262474
0.6502591986
0.9989794069
0.5774243176
0.8366623211
0.3996512338
0.7691219707
0.1024233204
0.9820076876
0.0287800784
0.8486657778
0.8236955386
0.3332926694
0.7521378021
0.8910130742
0.9827341708
0.5789779019
0.9646310023
0.4588370419
0.6455908194
0.4207169424
0.0866563828
0.3126612790
0.6773022158
0.9896190615
0.7688543620
0.3086442648
0.6309432600
0.4687851198
0.4788523078
0.8367917839
0.5355107971
0.6787993278
0.1354062561
0.9505914178
0.3477095474
0.9884281107
0.5618643833
0.5810437111
0.0018682250
0.3698879844
0.5322246360
0.5332421307
0.7033755088
