0.0070904746
0.0966955903
0.1215017930
0.1261969886
0.0441816247
0.0251360788
0.0685650670
0.0254665685
0.0648937544
0.0767999978
0.1008535886
0.0185263142
0.0661600921
0.0722031516
0.0857289158
0.0604039141
0.0237479548
0.0532119971
0.0288048039
0.0397228304
0.0439456552
0.0439045157
0.0028364927
0.0245644051
0.0122570921
0.0303110148
0.0522321145
0.0261487754
0.0061935534
0.0299048395
0.0232609227
0.0403329074
0.0380356267
0.0043081154
0.0078760318
0.0392981977
0.0090992804
0.0042441613
0.0656485107
0.0613958511
0.0392829884
0.0605243910
0.0475102297
0.0695972579
0.0113955691
0.0255633142
0.0539498087
0.0056738083
0.0856578093
0.0254639339
0.0388705560
0.0179211809
0.0684974785
0.0606969589
0.0616556820
0.0152011218
0.0830901852
0.0003445124
0.0160735112
0.0602940894
0.0466891377
0.0421315058
0.0084488813
0.0401604404
0.0588300017
0.0796088692
0.0183978013
0.0014503071
0.0098418846
0.0506274803
0.0221494001
0.0027103396
0.0954334345
0.0589386575
0.0524404198
0.1008446054
0.0591007305
0.0811117316
0.0185686150
0.0409604978
0.1041209037
0.0324505969
0.0958750197
0.0269558191
0.0903949768
0.0762818861
0.0566666981
0.0098554073
0.1066044011
0.0419611851
0.1031282178
0.0879606646
0.0210218862
0.0620436728
0.0221389303
0.0557545697
0.0228010020
0.1343143003
0.0454655904
0.0482946963
0.0439090959
0.0874195436
0.0051361696
0.0106605824
0.0669399536
0.0344455385
0.1296915765
0.0003277365
0.0198628644
0.1881562079
0.0325711533
0.0229292964
0.1892274999
0.0433983764
0.0501274717
0.0478526939
0.1081518174
0.1677033055
0.0561552731
0.0908373564
0.0765068493
0.1005348048
0.0377691689
0.0750793101
0.0771731242
0.0646201620
0.0103192587
0.0869464718
0.0937557124
0.0293224692
0.0982295914
0.0836541937
0.0190962540
0.0798898904
0.0033762590
0.0391966321
0.0201651091
0.0623229229
0.0573670302
0.0811192245
0.0739586974
0.0922465281
0.1038452977
0.0521776602
0.0781386110
0.0720073035
0.0178765786
0.0295279518
0.0950954819
0.0416888216
0.1439057331
0.0874387205
0.0419606030
0.0376045189
0.0535134646
0.0722137854
0.1063720904
0.1306250653
0.0863912907
0.1189975518
0.1209771764
0.0389789291
0.0672996195
0.0633607742
0.0264868392
0.0288892675
0.0914499801
0.0864679911
0.0933616559
0.0392863666
0.0762845105
0.0576904117
0.0105343408
0.0069992874
0.0367394724
0.0374631867
0.0535795224
0.0669881631
0.0010678497
0.0371230006
0.0542102174
0.0257386142
0.0286679963
0.1433768589
0.0339983253
0.1149686798
0.0129228723
0.0672185150
0.0874928195
0.0383573171
0.0626370353
0.1582481225
0.0778958744
0.1742155836
0.1221987963
0.0303557577
0.1059230821
0.0175037450
0.0366460168
0.0793883098
0.0348993366
0.0520099369
0.1676587024
0.0531370462
0.1165143349
0.1091983031
0.0745666322
0.0380543733
0.0845342869
0.0524948750
0.0369754035
0.0744409473
0.0040072622
0.0120104626
0.0894762975
0.0191290986
0.0766868773
0.0282549483
0.0909258659
0.0307297034
0.0076065005
0.0629290199
0.0188469683
0.0151342631
0.0182295349
0.0804851426
0.0083774303
0.0228048808
0.0477347632
0.0801310946
0.0563441297
0.0931726945
0.0776934374
0.0648167878
0.0592992594
0.0374544996
0.0396636848
0.0451127584
0.0768269574
0.0278360763
0.0447880681
0.0405314692
0.0438166816
0.0621382896
0.0530962165
0.0630408797
0.0616095575
0.0264101425
0.0004892749
0.0055897409
0.0202693943
0.0493694967
0.1436667625
0.0920958875
0.1796531884
0.0487843033
0.1331076607
0.0922383092
0.0985574697
0.1625269220
0.1190905388
0.0181987190
0.0485231483
0.0943100973
0.0556201731
0.0778745115
0.0908080226
0.0333045960
0.0220787897
0.0964015002
0.0094546558
0.1029377989
0.1156282084
0.1157692405
0.0256972815
0.0564598316
0.0155746218
0.0586893635
0.0650405922
0.0592060801
0.0511047440
0.0284414806
0.0275046641
0.0246670389
0.0138935324
0.0561106378
0.0658026551
0.0283993460
0.0493919027
0.0282808783
0.0411070269
0.0672738251
0.0002862931
0.0088690319
0.0461808600
0.0161354787
0.0463792086
0.0099465316
0.0407949885
0.0050220223
0.0138279830
0.0499120998
0.1521679445
0.1175903903
0.0342137829
0.1332616089
0.0347183389
0.0429883394
0.1327352211
0.0989050881
0.0726895588
0.1151698547
0.0655598724
0.0096857520
0.0412760686
0.0229673618
0.0598476815
0.0515879516
0.0074772448
0.0045715980
0.0445493470
0.0320579726
0.0808711815
0.0263853353
0.0666191072
0.0824414364
0.0172371141
0.0502893841
0.0686991003
0.0222900117
0.0225191635
0.0778877193
0.0822058050
0.0036618290
0.0461957629
0.0336492792
0.0156327663
0.0293940263
0.0240836907
0.1452196659
0.0947699606
0.1328270398
0.0338489346
0.0932328305
0.0248344256
0.0492537267
0.0590370118
0.0056010068
0.0104469130
0.1234196141
0.0485083335
0.1549168464
0.1178018945
0.0260698898
0.0954570565
0.1163099394
0.0774582435
0.0273134810
0.0021036642
0.1359777488
0.0951242985
0.0971775418
0.1229722945
0.0862339476
0.0671007485
0.0827046939
0.1025533270
0.0487861004
0.0046578727
0.1070688637
0.0578248295
0.0229710672
0.0048999185
0.0242707553
0.1338454009
0.1159049784
0.0470123512
0.1180168014
0.0623822915
0.0076366186
0.0833279583
0.0270159421
0.0890916510
0.0474680562
0.0160015854
0.1051786551
0.0699120749
0.0947870361
0.0710924838
0.0914156016
0.0932429387
0.0912188682
0.0494313244
0.0238435897
0.0393356161
0.0664133240
0.0464983892
0.0169996912
0.0221946218
0.0500483296
0.0321459426
0.0639830370
0.0565971168
0.0778608593
0.0049199478
0.0131537422
0.0811925555
0.0021103946
0.0261375576
0.0094061580
0.0741848541
0.0756272023
0.0016339568
0.0594506967
0.0295902656
0.0304089425
0.0772305908
0.0699055117
0.0123063123
0.0348688391
0.0114801311
0.0974687254
0.0679478757
0.0968511187
0.0415721983
0.0886444207
0.0714489102
0.0069552658
0.0652754350
0.0365345931
0.0276474997
0.0175188628
0.0788258366
0.0079382673
0.0204989890
0.0262315521
0.0212575866
0.0379808528
0.0349608307
0.1080922092
0.0781180963
0.1095839969
0.0927535756
0.0768277126
0.0213716072
0.0303406756
0.0028658093
0.0570655413
0.1141571757
0.1044619827
0.1025503831
0.0226320519
0.0266343797
0.0964943250
0.0641426871
0.0122381130
0.0597437457
0.0186840292
0.0235171692
0.0463450538
0.0028853004
0.0163139197
0.0381520962
0.0234721527
0.0193394810
0.0214430263
0.0442874112
0.0624367644
0.0531498914
0.0205592938
0.0215876294
0.0039566261
0.0130367996
0.0344883476
0.0363167630
0.0409389963
0.0656030942
0.0430019369
0.0127895899
0.0114775635
0.0620931986
0.0265668625
0.0130977496
0.0535717701
0.0551050298
0.0381688783
0.0056317165
0.0149204201
0.1017214603
0.0901813447
0.0692811975
0.0240303456
0.0366370699
0.0621484827
0.1310850545
0.0238126253
0.0705094370
0.0815588855
0.1015885317
0.0472837226
0.1316328267
0.0136085961
0.0150229079
0.1142803468
0.0546913626
0.0201206869
0.0139376920
0.0174107581
0.1026313217
0.0833931619
0.0845545495
0.1432151477
0.0092996963
0.0540827166
0.0343112975
0.1414232926
0.0192971195
0.0923279425
0.2276068963
0.1218826351
0.3052596943
0.0595655416
0.1678197948
0.0333286250
0.0427231955
0.0418136175
0.0553480705
0.1740183336
0.1064265535
0.2352469937
0.0772197830
0.0637220745
0.2479122885
0.0401059027
0.0427423530
0.1141745851
0.1159514054
0.0305608626
0.0996085208
0.0730543135
0.1010792868
0.0642998089
0.0820324577
0.0477425042
0.0242101694
0.0696761308
0.0873740154
0.0328674284
0.0146261582
0.0155911079
0.0143955060
0.2418875891
0.0853371569
0.0679952262
0.1548059056
0.0911638188
0.0335978431
0.0446817047
0.2505441419
0.1885457906
0.0620093567
0.0447074367
0.1916751203
0.0225811245
0.0348690396
0.0641986041
0.2351912288
0.1010817099
0.0551405886
0.1301272831
0.1440839365
0.0024797496
0.0444538837
0.0347580675
0.1654189871
0.0102450031
0.1767835346
0.1670773668
0.0607416302
0.0331291223
0.0307014355
0.0768162325
0.0501825659
0.0731206308
0.0606029642
0.0345062158
0.0102487000
0.0265589369
0.0285444488
0.0565217673
0.0602497189
0.0674848040
0.0327624587
0.0510582724
0.0486188079
0.0368728202
0.0599843545
0.0205520260
0.0068509986
0.0441146987
0.0235901596
0.0110367721
0.0560770183
0.0586159613
0.0050286665
0.2040174485
0.2940390535
0.1717568209
0.0073121163
0.1376679324
0.1222674729
0.0629391555
0.1226471772
0.0272248572
0.1200559203
0.0686111042
0.0579299593
0.0478535035
0.1337684752
0.0750149125
0.0221362958
0.1383620426
0.0738989070
0.0720035815
0.0404932637
0.2247133012
0.0117344089
0.2243748991
0.1330483319
0.0761317928
0.0911471833
0.2388500828
0.0932890616
0.0825626123
0.0731243022
0.0526071171
0.0761702565
0.0062768432
0.0142062212
0.0820806710
0.0907697684
0.1154541139
0.0897128185
0.0237537032
0.1052165701
0.0947759407
0.0542897816
0.0683664306
0.0044871587
0.0266325356
0.0129028693
0.0194227874
0.0414011605
0.0352831276
0.0513357719
0.0596953065
0.0001493347
0.0051807614
0.0000004598
0.0713716618
0.0437542491
0.0231045000
0.0589797048
0.0167044992
0.0195737266
0.0148485340
0.0473964068
0.0430657255
0.0314958621
0.0156777318
0.0699769134
0.0259535596
0.0098019394
0.0161930380
0.0100415861
0.0500895066
0.0528233698
0.0572768229
0.2200924873
0.0434050349
0.0344579502
0.0135171541
0.1366531379
0.0776660140
0.0791570851
0.0323230456
0.1149709993
0.1904802686
0.1110531090
0.1001620040
0.1056570160
0.1106666614
0.1050254924
0.0428047479
0.0019499427
0.0381398298
0.0678972550
0.1083155789
0.1015955348
0.1067328281
0.1209455702
0.0192813597
0.0203598399
0.0888419597
0.1226477170
0.0864684951
0.0747120286
0.0519663072
0.0778363015
0.0419097491
0.0817478692
0.0264859367
0.1091679597
0.0776289063
0.0026198912
0.0772043970
0.0490422058
0.0793110250
0.0029561050
0.0867663238
0.0738274135
0.0336140125
0.0242456827
0.0821037512
0.0102809586
0.0196817956
0.0234718923
0.0206363128
0.0066808838
0.0992084523
0.0533288044
0.0368686050
0.0279725195
0.0456801886
0.0501734650
0.0943253142
0.0447145173
0.0271180770
0.0150696375
0.0869016739
0.0939394886
0.0921438313
0.0035116238
0.0172738046
0.0285360242
0.0545394402
0.0001977878
0.0031757709
0.0616713184
0.0151543850
0.0612616111
0.0383437228
0.0454286279
0.0732205732
0.0142695278
0.0107645559
0.0971431607
0.0132354094
0.0128432843
0.0895421466
0.0621985307
0.0039792240
0.0238643825
0.0171418566
0.0070008906
0.0496811738
0.0700204347
0.0144847552
0.0929893104
0.0236245304
0.0254924345
0.0224588057
0.0669150825
0.0231296980
0.0093618872
0.0008102040
0.0883171950
0.0708375138
0.0264052810
0.0970665341
0.0288262721
0.0204028810
0.0924247773
0.0625663447
0.0967383241
0.0022934645
0.1040418534
0.0750295959
0.1011883056
0.0110082909
0.1006474583
0.0606062792
0.0567623901
0.0006414850
0.0194396172
0.0646892817
0.1139906179
0.0806518800
0.0805851802
0.0316859761
0.0861928545
0.0479841131
0.0863171125
0.0209370722
0.0882116544
0.0944943374
0.1295378294
0.1551993509
0.0865419314
0.1159482497
0.0886354945
0.0528818237
0.0416662174
0.0202913600
0.0451434169
0.0858318242
0.0373140745
0.0587353563
0.0172712625
0.0685983926
0.0170767926
0.0127581826
0.0640925944
0.0427828295
0.0670618947
0.0024660663
0.0576012533
0.0096222294
0.0682414642
0.0389351851
0.0135165334
0.0520863097
0.0732156798
0.0528092571
0.0198856265
0.0486126167
0.0697693847
0.0407621057
0.0897399616
0.0174234044
0.0920615559
0.0556926247
0.0484564592
0.0530675440
0.0591394408
0.0157708725
0.0715994124
0.0405534500
0.0010972370
0.0058464650
0.0973652944
0.0239940325
0.0360318984
0.0817817378
0.0313488760
0.0285897360
0.0553026936
0.0316593890
0.0131225408
0.0039915351
0.0520649908
0.0486298626
0.0356954460
0.0542388392
0.0596371418
0.0210453862
0.0712130088
0.0553201959
0.0624853121
0.0286849039
0.0826618595
0.0507063899
0.0022958687
0.0474351149
0.0248566462
0.0426124480
0.0258837584
0.0006284672
0.0645242150
0.0367142505
0.0005463384
0.0438223958
0.0425028616
0.0651393279
0.0534273600
0.0394358735
0.0479749611
0.0285501950
0.0835814487
0.0323257287
0.0838498950
0.0106613505
0.0014027591
0.0842451406
0.0090403853
0.0880423407
0.0733526398
0.0822096619
0.0963506607
0.0335386755
0.0148858014
0.0353916076
0.0057555143
0.0128038630
0.0598955012
0.0318720600
0.0233645479
0.0486656313
0.0438426654
0.0285443171
0.0356124288
0.0464435959
0.0450689110
0.0505510456
0.0553111893
0.0508993207
0.0297280557
0.0325156567
0.0329664250
0.0010934899
0.0279550336
0.0603546781
0.0501799065
0.0318451258
0.0051769954
0.0608802280
0.0455994241
0.0327969806
0.0111807742
0.0519468259
0.0526507273
0.0246169968
0.0135781441
0.1351124012
0.0550440423
0.0864397922
0.0279090411
0.0642442263
0.0519279210
0.1078486418
0.0138002884
0.0979042946
0.0311840746
0.0250245913
0.1147636969
0.0348235201
0.0732932226
0.0341720067
0.0576295262
0.0068303228
0.1179449484
0.0814076642
0.1259515774
0.0456230257
0.1094426516
0.1240576368
0.1107833330
0.1120108071
0.0008532777
0.0302788110
0.0537048391
0.0637466968
0.0220188775
0.0415749015
0.0122427850
0.0421298139
0.0253183159
0.0829307514
0.0489819662
0.0615895171
0.0664087459
0.0626765753
0.0351968865
0.0696760509
0.0449257487
0.0502986521
0.0630794422
0.0232542959
0.0635124547
0.0364538723
0.1782546619
0.0239475269
0.1444897902
0.0607182776
0.0525909190
0.1396423581
0.0040138361
0.1017775116
0.0263917126
0.0854402695
0.1017833609
0.0703755615
0.0105742141
0.0512695478
0.0780435331
0.0548727067
0.0546702705
0.0127228510
0.0609702317
0.0728780695
0.0104277840
0.0487294074
0.0814738301
0.0248167174
0.0076407257
0.0758185942
0.1134420966
0.1044209704
0.1018834922
0.0183083249
0.0276108468
0.0491408369
0.0963020490
0.1535334348
0.1401582693
0.1203455193
0.0349697605
0.0659302496
0.0164130919
0.0695486874
0.1236444671
0.1225686960
0.0074449381
0.0548525205
0.0377468525
0.0050933975
0.0179938988
0.0389181042
0.0430298949
0.0615593893
0.0512318302
0.0342645413
0.0642709507
0.0524033734
0.0641270310
0.0372594897
0.0612179396
0.0276842411
0.0305771387
0.0492992339
0.0532107169
0.0417589492
0.0369744215
0.0460020810
0.0503685177
0.0401554863
0.0622633101
0.0157796795
0.0679956847
0.0230822045
0.0246587647
0.0351197820
0.0106265145
0.0619025492
0.0209088934
0.0657595039
0.0595308375
0.0176798603
0.0429638568
0.0694658770
0.0738532152
0.0614931644
0.0652328739
0.0687385667
0.0475433822
0.0626948105
0.0427066688
0.0815859662
0.0550043322
0.0658599812
0.0066197700
0.0430707553
0.0697472597
0.0374666201
0.0532870815
0.0655308947
0.0993298777
0.0451739487
0.0050411891
0.0746306615
0.0140493850
0.0824312914
0.0472906337
0.0221114077
0.0477255209
0.0840434235
0.0214423500
0.1302752142
0.0510468982
0.0448309134
0.0273509256
0.1067181635
0.0571784735
0.0372174875
0.0477106265
0.0672973499
0.0445171452
0.1098655827
0.0702192469
0.0505108372
0.0109622530
0.0145145368
0.0351538109
0.0731881851
0.0566954177
0.0567624419
0.0150873039
0.0511494135
0.0523801185
0.0271960808
0.0466321384
0.0137849943
0.0370574333
0.0546783186
0.0429802940
0.0281934591
0.0113272250
0.0358774398
0.0276584511
0.0293047417
0.0268244578
0.0211278903
0.0576789870
0.0084710838
0.0092003760
0.0600326737
0.0241754515
0.0581502470
0.0459925952
0.0348734974
0.0545724982
0.0121349701
0.0956010506
0.0248726237
0.1014018813
0.0604087738
0.0310243569
0.0879508531
0.0322739203
0.0242849655
0.1029573187
0.0038656594
0.0589700875
0.0661420704
0.0511375171
0.0616570673
0.0854229498
0.0493923088
0.0626365960
0.0402879458
0.0080856361
0.0733090142
0.1149246660
0.0756457555
0.0367669519
0.1210432213
0.1135115064
0.0823723603
0.1209500148
0.0694344390
0.0380787134
0.1055897753
0.0319886031
0.0639915907
0.1267227311
0.1805854173
0.1092952823
0.0243291555
0.0701792906
0.0393232377
0.1795506380
0.0253973286
0.1486367250
0.0703882985
0.0742625310
0.0265975988
0.0004626534
0.0143468643
0.0030838208
0.0547604574
0.0570923290
0.0810404858
0.0248028508
0.0704814482
0.0069225238
0.0381585971
0.0799733053
0.0406934717
0.0550329290
0.0328501602
0.0771881848
0.0060326032
0.0125740358
0.0636707918
0.0437419924
0.0194450415
0.0054347917
0.0409622336
0.0014670191
0.0147845145
0.0058641665
0.0202131343
0.0172512696
0.0220358775
0.0177353944
0.0232823620
0.0291314098
0.0298508847
0.0113357166
0.0302091404
0.0180361010
0.0327999601
0.0250711343
0.0098804956
0.0280997945
0.0069978822
0.0309824339
0.0313275002
0.0051132361
0.0214704298
0.0148657595
0.0239142701
0.0088376859
0.0155994109
0.0274477682
0.0313167137
0.0193415421
0.0194008004
0.0035318078
0.0225891703
0.0247094709
0.0283550725
0.0243357724
0.0090995202
0.0115565443
0.0007479650
0.0160723276
0.0107512519
0.0121639769
0.0189437568
0.0268582924
0.0135153537
0.0084593593
0.0217613892
0.0022978322
0.0157105601
0.0280061822
0.0118305034
0.0134746302
0.0196499492
0.0287942706
0.0020522143
0.0047265376
0.0263424812
0.0132206741
0.0449925314
0.0072105932
0.0041584302
0.0661037951
0.0526450658
0.0063284032
0.0561030998
0.0703604722
0.0281217674
0.0309960603
0.0317824632
0.0034683030
0.0334792449
0.0082393620
0.0571574463
0.0582776718
0.0386914800
0.0476263073
0.0426095431
0.0002903986
0.0454855823
0.0674728593
0.0638419497
0.0352194319
0.0541092171
0.0010740600
0.0074886524
0.0170676727
0.0063774617
0.0062534406
0.0224296862
0.0433211788
0.0414030196
0.0205612624
0.1187776344
0.0568754537
0.0271733665
0.0388537146
0.0922880256
0.0927085667
0.0655525686
0.0474354083
0.1199699228
0.0300999837
0.0688408261
0.0307830548
0.0766728867
0.0328171517
0.0119168707
0.0564226324
0.0484316217
0.0398643420
0.0097984741
0.0274236989
0.0655647265
0.0206780097
0.0239929177
0.0683803638
0.0414855871
0.0538409177
0.0463646473
0.0515289441
0.0169472534
0.0657557331
0.0097024317
0.0353820097
0.0650956644
0.0419675599
0.0030496826
0.0558027179
0.0490478811
0.0333322424
0.0254059185
0.0292796895
0.0936652859
0.0187994194
0.0798616363
0.1081982618
0.0774998384
0.1083822372
0.0296275070
0.0287171056
0.0978276292
0.0113361268
0.0401333529
0.0915445138
0.0798815848
0.1052458113
0.1534741773
0.1309829275
0.2027217001
0.0591293736
0.0222887769
0.1237536229
0.0644503783
0.0272544398
0.0889729886
0.0332408848
0.0937307303
0.0450963556
0.0264569457
0.0824114629
0.0157769341
0.0305317747
0.0073824892
0.1104099457
0.0272311008
0.1214235252
0.1172563217
0.0586659672
0.0562223414
0.0161129523
0.0173199080
0.0597654308
0.0331543168
0.0454581734
0.0377561677
0.0805418768
0.0110260099
0.0765966500
0.1307955402
0.1266427808
0.1198979140
0.0419034435
0.1152031241
0.0849040865
0.0520780669
0.0309694873
0.1047404327
0.1162684739
0.0913606708
0.0009153113
0.0109645741
0.1147757942
0.0769725136
0.0024174128
0.0587566124
0.0634835746
0.1192345394
0.1007917471
0.0088902484
0.0373277193
0.1139366787
0.0860160886
0.0440961387
0.0700603761
0.0224828949
0.1051012412
0.0477643674
0.0218256041
0.0855904323
0.0379326622
0.1347747771
0.1305451273
0.0701748646
0.1107868989
0.1160512009
0.0478534068
0.0081510039
0.0609655185
0.0667463315
0.0719278543
0.0384682403
0.0490661104
0.0376863844
0.0517101567
0.0879193896
0.1047791805
0.0771931469
0.0711214516
0.0493137648
0.1182883054
0.0518392891
0.0984542702
0.0254861242
0.0217547859
0.0402958679
0.0818482328
0.0445901446
0.0616724260
0.0423216543
0.0201768693
0.0669796204
0.0315123066
0.0165612945
0.0769102935
0.0808700977
0.0398659390
0.0456043859
0.0540080089
0.0124743385
0.0726857566
0.0818769111
0.0433877189
0.0646033475
0.0133155000
0.0285264102
0.0336460618
0.0219056543
0.1293904741
0.1282905567
0.0959167753
0.0045103570
0.0992669730
0.0594606371
0.0119560503
0.1302767449
0.1094149460
0.1341228593
0.0337753019
0.0807476013
0.0885269729
0.0493819580
0.0197051881
0.0365000519
0.0885714823
0.0047178224
0.0200604604
0.0777917375
0.0713105803
0.0132512839
0.0432137176
0.0842314331
0.0356858594
0.0333571178
0.0350738452
0.0434025028
0.0531830861
0.0159408789
0.0715711183
0.1369668354
0.0696339883
0.0651920930
0.0251153616
0.1670795399
0.1109168824
0.1643352589
0.0154328734
0.1355466544
0.1097805129
0.0092378969
0.0417418348
0.0246697940
0.0162830008
0.0174573280
0.0591213806
0.0493592448
0.0560688865
0.0154141275
0.0041054536
0.0176399027
0.0365985513
0.0578209906
0.0319912271
0.0670352314
0.0671046320
0.0737864761
0.0345398984
0.0591063679
0.0025894365
0.0216777831
0.0553225366
0.0551752329
0.0520027985
0.0362869269
0.0378630605
0.0987452732
0.0708845453
0.0199010089
0.1389228494
0.1870224302
0.0467160287
0.1526643737
0.0828447465
0.0249722483
0.0179304848
0.1593960109
0.0405351577
0.0092737389
0.1032235822
0.0097806962
0.0331308584
0.0079684947
0.1086258557
0.0767273201
0.0769834640
0.0255263123
0.0472454937
0.0642655313
0.0680079443
0.0384100685
0.0436872024
0.0232985202
0.0800973444
0.0113718040
0.0816661800
0.0501744312
0.0810330184
0.0024134787
0.0852422787
0.0363530803
0.0501313247
0.0530801970
0.0497148510
0.0672147032
0.0517641923
0.0425162385
0.0248430428
0.0663074528
0.0231525014
0.0662788115
0.0751497879
0.0638515064
0.0089012693
0.0914986916
0.0605535735
0.0120175158
0.2090483748
0.0307257725
0.0950386336
0.1008315618
0.0732815264
0.0831132063
0.1866661940
0.1250235412
0.0842536736
0.2040377154
0.0204407563
0.1390464846
0.3292480349
0.1201906381
0.0194548685
0.0197687858
0.1478127164
0.4818683624
0.2736240731
0.2445075644
0.0315157374
0.0289645845
0.0854598514
0.0030927703
0.0085765539
0.0302495596
0.1002811676
0.0107915454
0.0599416253
0.0820186805
0.0872498110
0.0551624494
0.0680035490
0.0924782648
0.0835672696
0.0088002644
0.0488089598
0.0182582391
0.0882404726
0.0085386442
0.1036346570
0.0902178814
0.1048108555
0.0069719947
0.0899883709
0.0990281718
0.0680819927
0.0162856465
0.0714378067
0.0303295116
0.0924985996
0.0151670782
0.1193153304
0.0922321028
0.0937413683
0.0085636608
0.0810523240
0.0275802707
0.0536453204
0.0909405466
0.0256021244
0.0845758092
0.0416748432
0.0039330105
0.0933204233
0.0878312475
0.0241547842
0.0621156825
0.0668233463
0.0135786505
0.1041264874
0.0367401003
0.0259542565
0.0824687948
0.0350645676
0.1031729674
0.0968689605
0.0496182149
0.0815118495
0.0137858235
0.0603679988
0.1035144735
0.1217774681
0.0588180926
0.0072646113
0.0001963385
0.0716637414
0.0879518411
0.0125488652
0.0478999973
0.0394840634
0.1032978013
0.0020872900
0.0926072627
0.0012820671
0.0177769802
0.0160214612
0.0753867175
0.0799735373
0.0346963912
0.1079793109
0.0071674151
0.0738464985
0.0633997103
0.0226216488
0.1068540901
0.0950688920
0.0501724229
0.0945035222
0.0454466036
0.0048015820
0.0549615855
0.0839806884
0.0260369390
0.0170751189
0.1050481493
0.0238959539
0.0358311313
0.0555838805
0.0549845336
0.0814298366
0.0186528878
0.0660735385
0.0874645357
0.0940570901
0.0444045064
0.0452195215
0.0326458955
0.0596957344
0.0048708142
0.0305925444
0.0546256584
0.0440174996
0.0318510188
0.0224959500
0.0583607963
0.0512030801
0.0529779040
0.0363798974
0.0429969190
0.0351777926
0.0429912280
0.0295923318
0.0009632066
0.0112830329
0.0098899933
0.0255624452
0.0158363304
0.0307400717
0.0586961553
0.0358606570
0.0507672389
0.0336955325
0.0066062440
0.0504372635
0.0112608316
0.1606613064
0.1879139688
0.0968010385
0.1455753423
0.1106544590
0.1184286725
0.0402986622
0.0779684553
0.0844723974
0.0752483238
0.0621128822
0.0508964279
0.0713905141
0.0373690156
0.0531967132
0.0838972670
0.0563033089
0.0161105633
0.0600949138
0.0703675547
0.0194348563
0.0693313486
0.0752480735
0.0255584569
0.0300534811
0.0589139016
0.0185900679
0.1560853513
0.1618484455
0.2026394570
0.2257595980
0.2153320092
0.0197450711
0.0083204510
0.0808530487
0.1738090165
0.0514435078
0.0378384050
0.0399095600
0.1617723033
0.1123134918
0.0737036413
0.0137165778
0.1340314736
0.1045862004
0.0077023228
0.0785760812
0.1238792571
0.2127545497
0.2107298561
0.2109956657
0.1630645902
0.0165023615
0.0104324728
0.1000520712
0.2651839777
0.1695899843
0.1732115597
0.2650275728
0.0304568445
0.0256777588
0.0292108848
0.0188264645
0.1039315623
0.0309599990
0.0325203142
0.0843598323
0.0315047007
0.0563698134
0.0698527612
0.0897401526
0.1070117037
0.1158955076
0.0790978884
0.0524041444
0.0421796677
0.0568398035
0.0183265162
0.1109497207
0.0565908763
0.0144729712
0.0824361453
0.0348591199
0.0089763202
0.0626068976
0.1056988146
0.0328552321
0.0732864170
0.0750326013
0.0493531787
0.0256108555
0.1027985417
0.0893059881
0.0406207692
0.0225358257
0.0731558776
0.0757271885
0.0771988270
0.0680137649
0.0668294993
0.0356576763
0.0473782709
0.0410315658
0.0431573263
0.0917947181
0.1052399705
0.0929151719
0.0028442559
0.0816122027
0.0342870893
0.0702992125
0.0350371525
0.0724455776
0.0252730286
0.0237860754
0.0635542798
0.0331402432
0.0303187648
0.0355954804
0.0379269485
0.0668733148
0.0178055521
0.0286605612
0.0142785653
0.0174791661
0.0527780029
0.0602752104
0.0399299975
0.0211572991
0.0749434778
0.0122955723
0.0554494910
0.0480232008
0.0626738253
0.1871746515
0.0476075122
0.0574355313
0.1261624074
0.1376514242
0.2437004250
0.1299362771
0.0198977419
0.0504340292
0.1967158940
0.1903259433
0.1688613971
0.0192473853
0.0158315697
0.0696209034
0.0340017341
0.0482497843
0.1834040594
0.0016148510
0.0721264784
0.1111928193
0.0292708319
0.1010746970
0.1094452412
0.0818912871
0.0383421681
0.0127691603
0.1028939325
0.0789174914
0.0617541090
0.1030181874
0.0825814795
0.0813976155
0.0054509798
0.0606221725
0.0770777699
0.0252000111
0.0113319716
0.0293862549
0.0042474647
0.0413751064
0.0490032202
0.0850017757
0.0596838851
0.0274169001
0.0219906992
0.0970972933
0.0044440257
0.0819594167
0.0599712220
0.0857178081
0.0494946498
0.0927353778
0.0362429753
0.0392579877
0.0656058034
0.0046571107
0.0204267970
0.0147983010
0.0155934855
0.0614006966
0.0107983896
0.0263957930
0.0501866471
0.0185855986
0.0437875119
0.0287251756
0.0076834536
0.0002965040
0.0113376315
0.0664087714
0.0508245430
0.0067885712
0.0045418588
0.0011844694
0.0631962507
0.0476600658
0.0077856023
0.0281159282
0.0596752792
0.0637097934
0.0280709593
0.0019585310
0.0121357738
0.0281819438
0.0631018738
0.0070460630
0.0277497630
0.0123270720
0.1789838835
0.2204595523
0.0505844542
0.1519990043
0.0137133566
0.2024619420
0.1817978072
0.0442913832
0.0469815153
0.0637318888
0.0456659676
0.0050715058
0.0474012188
0.0667427835
0.0113591566
0.0571079859
0.0255224842
0.0583212681
0.0056657197
0.0439428392
0.0089358524
0.0067144681
0.0435240384
0.0463853912
0.0503621139
0.0274118150
0.0608288734
0.0601720704
0.0414042360
0.0293913223
0.0627263451
0.0310062954
0.0093314615
0.1004539526
0.0084342063
0.0736954172
0.1000924358
0.0896794189
0.0761462075
0.0153320488
0.0757258181
0.0063934116
0.0994453912
0.0901663916
0.0793675911
0.0590517424
0.0087228555
0.0458778204
0.0577693262
0.0136459648
0.0099608194
0.2154049205
0.0176379577
0.2053352814
0.0748915945
0.2044540723
0.0306213828
0.0545413118
0.1871526595
0.0867900327
0.1497566767
0.0318886748
0.1664912731
0.1070169121
0.1062046058
0.1949905181
0.0143628448
0.1424984618
0.0233799108
0.1213122033
0.2544369536
0.0218305745
0.2271213200
0.0973354644
0.1711672143
0.0834163591
0.0304091043
0.0398208945
0.0236752251
0.0485948973
0.0543790603
0.0199412064
0.0359211274
0.0192060206
0.0109958125
0.0144682651
0.0373767693
0.0160562121
0.0052700023
0.0361610572
0.0577448484
0.0270635883
0.0338561450
0.0056261968
0.0034035273
0.0453893286
0.0159321890
0.0463902084
0.0315833198
0.0297787715
0.0353665405
0.0425274165
0.0041628676
0.0124840956
0.0590230069
0.0143013762
0.0317644173
0.0009840905
0.0567729246
0.0535694870
0.0724490645
0.0476188292
0.0045346832
0.0172681911
0.0144728618
0.0015003074
0.0257413841
0.0347445164
0.0638427431
0.0517276324
0.0628544992
0.0354143169
0.0341663897
0.0569391495
0.0174446044
0.0213511516
0.0657960493
0.0652992914
0.0573555774
0.0712062878
0.0172260525
0.0665811278
0.0115261362
0.0000746903
0.0178960196
0.0279476609
0.0234920755
0.0135287065
0.0155317867
0.0222980945
0.1596663458
0.1568348518
0.1075987625
0.0252697186
0.0308523247
0.0141927647
0.0282614442
0.0783687145
0.0968880916
0.0943875353
0.0516596081
0.1092316160
0.0089583410
0.1440131876
0.0708736762
0.1360684006
0.1247884250
0.1452918227
0.0320879976
0.0940438659
0.0952566571
0.1575759673
0.0820378963
0.0819174819
0.0249334142
0.0052857436
0.0768164928
0.0958385235
0.0567145646
0.0828191209
0.0082134321
0.0850762893
0.0800557045
0.0809964903
0.0332600503
0.1082115660
0.0978232297
0.0794224290
0.0232499829
0.0388533004
0.0359020980
0.0602854301
0.0054000743
0.0051579164
0.0566604614
0.0335535878
0.0770945702
0.0431226636
0.0571422480
0.0511112520
0.0099427137
0.0552782389
0.0010766048
0.0502431347
0.0260604709
0.0461319396
0.0444897239
0.0364139045
0.0283495707
0.0663979218
0.0686597623
0.0499156619
0.0375574276
0.0126078277
0.0080262464
0.0517670722
0.0521884872
0.0213994789
0.0129675997
0.0381583827
0.0052798188
0.0091565989
0.0532766127
0.0526888405
0.0235135610
0.0297637514
0.0719335336
0.0478511634
0.0401435247
0.0047439375
0.0231876539
0.0498752942
0.0521583146
0.0620275016
0.0667921114
0.0143070109
0.0319306202
0.0527525704
0.0240293961
0.0340404966
0.0007766244
0.0872211831
0.0678481804
0.0961955086
0.0930949153
0.0328832043
0.0286042831
0.0733324673
0.0623236689
0.0735501812
0.0956353708
0.0288431866
0.0845685384
0.0817766868
0.0593055041
0.0257319925
0.0325663948
0.0062183248
0.0377618432
0.0552646578
0.0555339197
0.0091519010
0.0008172562
0.0526418219
0.0452386774
0.0468244201
0.0359903395
0.0539300727
0.0491143323
0.0345257774
0.0137540421
0.0202547301
0.0096484668
0.0214454659
0.0319773443
0.0124901532
0.0128901840
0.0530320795
0.0314179769
0.0082187534
0.0271226316
0.0461427505
0.0386405694
0.0426384553
0.0019476042
0.0284986654
0.0221853567
0.0363830395
0.1019152171
0.0505316240
0.0078596219
0.0612057306
0.0310899645
0.0755044004
0.0424162396
0.0326428128
0.0637539850
0.0524557085
0.0550221622
0.1029075494
0.0966243076
0.0498449299
0.0576621904
0.1185635562
0.0534511471
0.0724378351
0.0680329155
0.0609978852
0.0024467955
0.1068962806
0.0779732029
0.1286635529
0.0012918794
0.0216780467
0.0685114554
0.0223625570
0.0893515715
0.0483219543
0.1014502438
0.0063158680
0.0698168091
0.0520387136
0.0177591894
0.0096932045
0.0157619587
0.0675167961
0.0835291986
0.0801313818
0.0845585930
0.0605558315
0.0040230068
0.0221956120
0.0312351408
0.0781618816
0.0789260934
0.0032549669
0.0507515755
0.0316006483
0.0227753450
0.0387784301
0.0319188825
0.0154008300
0.0115423885
0.0472650503
0.0155073654
0.0052587502
0.0398591654
0.1850298844
0.2176469985
0.2635167983
0.0057882062
0.3280181126
0.0393438634
0.0775126364
0.0659684378
0.0365981791
0.0778262130
0.0415997850
0.0449245515
0.0832488373
0.0742706889
0.0483277299
0.0107422779
0.0182671905
0.0871317743
0.0652191799
0.0418035808
0.0543625387
0.0289248567
0.0287424778
0.0445399568
0.0306452444
0.0515165753
0.0225408607
0.0987178320
0.0347701506
0.1183170040
0.0167740752
0.0753649064
0.0573202730
0.0979710857
0.1183234917
0.0440074040
0.0469032385
0.0924592258
0.0584281412
0.0665857359
0.0748778965
0.0059656801
0.0571738527
0.0018951792
0.0416996736
0.0205196748
0.0503853522
0.0270655501
0.0496799346
0.0080947882
0.0644721627
0.0738583167
0.0192482678
0.0659136769
0.0186479166
0.0042365341
0.0278180988
0.0194290692
0.0621439582
0.0711284045
0.0768112441
0.0057305922
0.0758582517
0.0773459245
0.0908959366
0.1295205151
0.1657312896
0.0000388270
0.0929921047
0.1694587639
0.0193861753
0.1572482222
0.1747281656
0.0027894190
0.1661753609
0.0759454520
0.1080508939
0.0901298020
0.0366045876
0.1407492131
0.1513655957
0.0594332521
0.1687564236
0.0074806062
0.0446053914
0.0228731912
0.0210173094
0.0528822529
0.0603286663
0.0344787475
0.0646849966
0.0637077538
0.0422189644
0.0498668123
0.0365849860
0.0521450408
0.0342910394
0.0677532325
0.0181248915
0.0608316523
0.0081769303
0.0426889019
0.0027790796
0.0427968181
0.0477182591
0.0318333851
0.0616281022
0.0285029891
0.0067425770
0.0697456313
0.0725022429
0.0703534035
0.0366948286
0.0651434498
0.0124420214
0.0562170375
0.0532419327
0.0600392356
0.0352421336
0.0237637816
0.0688321715
0.0095125990
0.0722331821
0.0147070846
0.0361246049
0.0070510201
0.0437957542
0.0572149130
0.0073205356
0.0209276060
0.0212511853
0.0102687132
0.0315051008
0.0371272541
0.0249848656
0.1000953386
0.1688804857
0.0969006721
0.0772183529
0.0386145729
0.0969297184
0.0316409382
0.1362977196
0.0108170761
0.0709257599
0.1466944998
0.0180906226
0.0802578421
0.0445228245
0.0244341507
0.0411393880
0.0752151166
0.0118954795
0.0311835685
0.0605389358
0.0745629360
0.0154541500
0.0504271965
0.0406484170
0.0527043899
0.0737158041
0.0717098479
0.0487420443
0.0091878032
0.0774942687
0.0183263455
0.0797488686
0.1597113682
0.0920970887
0.1492849692
0.0609155245
0.1457361436
0.0755138307
0.0077778276
0.0479476202
0.0251229808
0.1248501348
0.1110425116
0.0049932336
0.0668320965
0.0642908254
0.1548980098
0.1410814631
0.0908877170
0.0752943489
0.0361782869
0.0841682668
0.0847322526
0.1446007401
0.0172378032
0.0348049560
0.0220267646
0.0080397790
0.0051432976
0.0264340862
0.0368894384
0.0198706567
0.0556742045
0.0632004882
0.0087458253
0.0620803965
0.0311280594
0.0350820296
0.0182996725
0.0170135967
0.0406912160
0.0410853566
0.0123257158
0.0317541197
0.0416192042
0.0412025570
0.0246831943
0.0593409348
0.0204868763
0.0479207459
0.0142382573
0.0551477166
0.0201590984
0.0602250597
0.0235700372
0.0559216151
0.0397793209
0.0346868780
0.0263130960
0.0041007371
0.0617546551
0.0538199740
0.0202203083
0.0129911959
0.0253377544
0.0680809945
0.0384899683
0.0807540172
0.0763985624
0.0755800476
0.0744839852
0.0664046610
0.0376091154
0.0683593620
0.0365381514
0.0175166739
0.0807805414
0.0980665333
0.0567562648
0.0957279281
0.0382631965
0.0867831159
0.0459707141
0.0819547172
0.0484513517
0.0661267307
0.0828317336
0.0369320435
0.0356391067
0.0600645897
0.0910712345
0.0197069978
0.0556537418
0.0178475079
0.1031611002
0.0035385807
0.0465987767
0.0262808564
0.1278614351
0.0860739860
0.0049791383
0.0875709649
0.0540657856
0.0264439541
0.0343831062
0.0410657420
0.0056117612
0.0387061996
0.1005775570
0.0276891838
0.0281606732
0.0717498845
0.0676338065
0.0708895234
0.0058138103
0.0700252899
0.0573324826
0.0864028563
0.0132688697
0.0722971906
0.0231160922
0.0561384791
0.0582359397
0.0189709228
0.0613080843
0.0694079665
0.0482927826
0.0829517292
0.0009793369
0.0539498052
0.0205825139
0.0739518178
0.0560845071
0.0258598107
0.1152480367
0.0906698587
0.0330926669
0.0550186734
0.0970438021
0.0656506164
0.1203582252
0.0062010839
0.0735689857
0.0156838465
0.0541647617
0.0490178982
0.0836522127
0.1147695212
0.0664022996
0.0829516814
0.0187585726
0.0692474910
0.0439142730
0.0411858041
0.0282765942
0.0208558758
0.0000003371
0.0588324981
0.0746164820
0.0461883258
0.0796998839
0.0458159311
0.0230956786
0.0706394941
0.0411677335
0.0461050802
0.0292295572
0.0186224917
0.0733279965
0.0210659185
0.0588135786
0.0059170517
0.0370884792
0.0655809101
0.0430493290
0.0724748474
0.0464608617
0.0526870834
0.0279877937
0.0238692572
0.0366262836
0.0320067512
0.0604787193
0.0398637461
0.0608066207
0.0038578497
0.0520795381
0.0304396611
0.0332034638
0.0004799553
0.0449793561
0.0174754879
0.0193167979
0.0389532434
0.0329253775
0.0625779563
0.0992866904
0.1490683832
0.0509834790
0.0735011977
0.0204676148
0.1431757610
0.1423879441
0.1229245797
0.1372240062
0.0609803441
0.0500136682
0.1089555196
0.1820487713
0.0360245324
0.0177125220
0.1499719976
0.1852406599
0.0103374864
0.1616785895
0.0980162532
0.0524230163
0.1230336710
0.0028805513
0.0588974369
0.0242947796
0.1317054076
0.0293275762
0.1022847012
0.0425183049
0.1084694735
0.0649763744
0.0271033284
0.1346119698
0.0974734090
0.2320280906
0.0924756807
0.3659467171
0.2400914929
0.0694580187
0.0240559287
0.0084135157
0.0485078704
0.0443122403
0.0381108297
0.0293990281
0.0342019398
0.0204055667
0.0371446244
0.0333079922
0.0325109964
0.0439675434
0.0330591401
0.0118418477
0.0223352628
0.0257315186
0.0307422828
0.0223821664
0.0323058838
0.0522647014
0.0129933145
0.0229098315
0.0312824604
0.0449696181
0.0176573689
0.0264447633
0.0418664013
0.0130926657
0.0248239105
0.0120088627
0.0463682451
0.0026988840
0.0506835725
0.0271992221
0.1407253955
0.1072615366
0.0246457205
0.0046169502
0.1513464063
0.1433870920
0.0024977889
0.0677549604
0.0380923185
0.0253939224
0.0283740490
0.1156966564
0.1502072033
0.0578694729
0.0391212859
0.1221117622
0.0237203781
0.1111144536
0.0092240076
0.0323965107
0.1099921960
0.0255586586
0.0793037882
0.0424226883
0.1298460795
0.0103154895
0.0222892439
0.0490995848
0.1356144003
0.2492877582
0.4088884473
0.3418237946
0.1454476487
0.0480708939
0.1559137899
0.0048239097
0.1543366421
0.1024868398
0.1659974289
0.0079184392
0.1568772520
0.0581271558
0.0522680387
0.0542095310
0.0122510925
0.0176760571
0.0472198471
0.0300050219
0.1052760801
0.0098744838
0.0904686224
0.0223488050
0.0879217494
0.0669439116
0.0085155311
0.0208603629
0.0088772317
0.0695489023
0.0986295140
0.1019168828
0.0951883347
0.0748466251
0.1583479035
0.0276502523
0.0149983394
0.1452697716
0.0430019169
0.1346613878
0.0638702952
0.0177731889
0.0613222338
0.0457054602
0.0087931324
0.1092734134
0.0246616564
0.0698244232
0.0292642195
0.0503946152
0.0755720334
0.0543261010
0.0568416558
0.0811570058
0.0321637250
0.0353875320
0.0139719898
0.0348133763
0.0466682528
0.0230978494
0.0842221199
0.0196407394
0.0569623746
0.0618545459
0.0125799935
0.0114120122
0.0176206897
0.0345969857
0.0495821289
0.0805636420
0.0373064124
0.0085482197
0.0082928994
0.1019814426
0.0668139945
0.0322710052
0.0053991658
0.1204005907
0.0117136388
0.1010242414
0.0930505329
0.0706047296
0.1313304325
0.0425527711
0.0288481967
0.0935617130
0.0836064263
0.0706677203
0.0277021124
0.0182041808
0.0188540680
0.0223366315
0.0761750708
0.0802610257
0.0667021205
0.0254298772
0.0168512887
0.0602426702
0.0522227931
0.0806221955
0.0492035706
0.0525933077
0.0169689105
0.0045279166
0.0423580199
0.0855940461
0.0354404094
0.0762530854
0.0207889790
0.0650606158
0.0698057968
0.0025077862
0.0679289737
0.0174128340
0.0344079969
0.0548988109
0.0157883724
0.0300198851
0.0314905584
0.0084046184
0.0169999479
0.0617035518
0.0491110898
0.0334077781
0.0605810993
0.0471028384
0.0502574334
0.0215949982
0.0156968333
0.0683916963
0.0535080975
0.0459436386
0.0104012591
0.0078415888
0.0261949099
0.0244137636
0.0091232276
0.0410127190
0.1030360747
0.0723863877
0.0110884874
0.0132682357
0.1140540758
0.0616788317
0.1083939317
0.0052897420
0.0227686596
0.0226073180
0.0521103495
0.0079026014
0.0102194991
0.0179432309
0.0768313879
0.0817403714
0.0128668004
0.0026773292
0.0549444768
0.0306419145
0.0765375756
0.0084974089
0.0270330031
0.0363586158
0.0378824386
0.0691111445
0.0030290721
0.0314669453
0.0581349867
0.1002505274
0.1128174796
0.0957429389
0.0224394058
0.0071167715
0.0270868336
0.0337275976
0.1021344309
0.0851222654
0.0261670877
0.0717135219
0.0441675247
0.0439274325
0.0056842261
0.0110707179
0.0254773124
0.0384308990
0.0015167267
0.0383151342
0.0234575462
0.0128712341
0.0377130447
0.0088375706
0.0248300521
0.0088591178
0.0183565159
0.0203282096
0.0264444367
0.0067075877
0.0261845340
0.0369858639
0.0334598258
0.0096301093
0.0225898721
0.0196885423
0.0192307526
0.0242569062
0.0275010175
0.0082162172
0.0395862683
0.0438458764
0.0401356400
0.0025836399
0.0254471297
0.0264906578
0.0242725591
0.0261256384
0.0173015094
0.0210281504
0.0414966918
0.0226930431
0.0452719398
0.0431498507
0.0791065166
0.0721436894
0.0778648063
0.0220723718
0.0597899301
0.0111865905
0.0093195813
0.0080038356
0.0324090504
0.0547171102
0.0404545628
0.0790740200
0.0298843900
0.0583144858
0.0549826287
0.0808959895
0.0029570983
0.0194438025
0.0585050022
0.0695476790
0.0148389004
0.0147492296
0.0497387292
0.0202709494
0.1097482352
0.1457509527
0.0596808848
0.1407251605
0.0148281238
0.0852420257
0.1112490275
0.0256133977
0.0939048739
0.0751064017
0.1178799671
0.0131011511
0.0043432711
0.0684085700
0.0590005350
0.0193829914
0.0545288834
0.0565414892
0.0499063193
0.0089436749
0.0708589743
0.0742218808
0.0460766599
0.0741035488
0.0527489906
0.0647392355
0.0119491382
0.0179299279
0.0002923266
0.0714189066
0.0580036147
0.0410216474
0.0421299796
0.0063056788
0.0340426050
0.1270498651
0.1311661711
0.0082449524
0.0415928033
0.1064307549
0.0644470774
0.0000531081
0.0568111232
0.0318887863
0.0402621137
0.0825579699
0.0035225513
0.0734251535
0.0446915920
0.0988962013
0.0226266998
0.0663330768
0.0673394314
0.0958771994
0.0741074678
0.0671042625
0.0951786647
0.0297382052
0.0462652241
0.0175817847
0.0100586750
0.0347198727
0.1026978973
0.0594122167
0.0321920440
0.0378285206
0.0515025842
0.0704814968
0.0267818334
0.0126009301
0.0685316893
0.0395524635
0.0104977784
0.0290703794
0.0595113947
0.0018455873
0.1005865979
0.0859817794
0.1074958775
0.0611482180
0.0995656412
0.0862626494
0.0854534774
0.1232847955
0.1097433603
0.0079358645
0.0280930397
0.0234048168
0.0530197787
0.0125255516
0.0092207054
0.0746569116
0.0310574500
0.0170504405
0.0597872489
0.0318182920
0.0626172138
0.0187636878
0.0899877869
0.0520880233
0.0902693056
0.0833116993
0.0035852262
0.0233793020
0.0761403328
0.0447932873
0.0788297326
0.0276643027
0.0739629196
0.0576315364
0.1524433208
0.0635765396
0.1777230807
0.1746706103
0.0509072769
0.1865271563
0.0625575594
0.0396163062
0.0583025794
0.0170027383
0.0669500874
0.0444680307
0.1012642054
0.0135474599
0.0473892025
0.0488385708
0.0535477369
0.0162701125
0.0759198382
0.0669701342
0.1032788918
0.0967791729
0.0627663250
0.0870886079
0.0057132460
0.0557894897
0.0314008467
0.0054693930
0.0638437674
0.0695920445
0.0205536059
0.0516751651
0.0392773130
0.0348124770
0.0100286176
0.0584804430
0.0551096583
0.0028701266
0.0653553921
0.0376807566
0.0306292058
0.0552039052
0.0060372526
0.0598962080
0.0585682831
0.0440501606
0.0668242596
0.0711383827
0.0117691643
0.0349435683
0.0558094722
0.0848358977
0.1235745067
0.0810374161
0.0934674618
0.0098025627
0.0248409246
0.1113643801
0.1029133778
0.0656355956
0.0897679318
0.1102377404
0.0890492537
0.0731356468
0.0591120434
0.0332280126
0.1032561751
0.0301440630
0.0943561822
0.0997758441
0.0763595433
0.0175563341
0.0000109058
0.0153925869
0.1177497403
0.0117333387
0.0886867150
0.0904536151
0.0273313120
0.0186287610
0.0376185042
0.1121465668
0.0647058835
0.0463457529
0.0406154585
0.0206700415
0.1182329487
0.0711990434
0.0944039697
0.1235800848
0.1220830211
0.1024386520
0.1039090365
0.1289120718
0.0519634020
0.0886776982
0.0583566995
0.0758389958
0.0951647978
0.0108227860
0.0421696184
0.0761313148
0.0094376539
0.0645851567
0.0244330802
0.0262890440
0.0741742076
0.0052865979
0.0064629308
0.0573849080
0.0220670415
0.0358677295
0.0380822082
0.0262661008
0.0387997109
0.0207825987
0.0131980067
0.0009827520
0.0153055064
0.0263245757
0.0110217097
0.0068367539
0.0013860930
0.0365932606
0.0382226363
0.0223762036
0.0080308393
0.0298610906
0.0186924193
0.0246122986
0.0145447939
0.0245627037
0.0114210740
0.0277530111
0.0006173223
0.0224244953
0.0247630133
0.0072582067
0.0397352685
0.0092900337
0.0243316581
0.0001261525
0.0222027605
0.0167477887
0.0004877100
0.0389885336
0.0004471771
0.0380961953
0.0089167304
0.0205214778
0.0390587115
0.0367718511
0.0122665819
0.0053357821
0.0069463596
0.0158659058
0.0346418269
0.0195587927
0.0229880271
0.0180205194
0.0595807032
0.0297221062
0.0173827140
0.0168567818
0.0380051382
0.0118046842
0.0642489631
0.0023210668
0.0312285563
0.0417295093
0.0675902078
0.0724186436
0.0474079871
0.0475496836
0.0584040377
0.0440707969
0.0408676621
0.0274978481
0.0278687293
0.0414215960
0.0379529415
0.0359145873
0.0604330549
0.0072805270
0.0545218691
0.0146877774
0.0012318275
0.0421870732
0.0589303641
0.0763612513
0.0510198750
0.0002380681
0.0208206502
0.0510338444
0.0549499067
0.0441901452
0.0350442152
0.0785306041
0.0700002759
0.0651103791
0.0182591356
0.0243116718
0.0701349409
0.0155610610
0.0583448147
0.0151668638
0.0673197608
0.0824850989
0.0751088534
0.0150494478
0.0429269266
0.0711705263
0.0809614287
0.0487416406
0.0254500134
0.0012338054
0.0558364928
0.0171936260
0.0066613582
0.0734111950
0.0019392909
0.0560856893
0.0129987798
0.0927394096
0.0505938215
0.0941005974
0.0555213196
0.1222757778
0.1133075838
0.0957166816
0.0331375636
0.1000326002
0.1067623883
0.0683866310
0.0559185074
0.0257729692
0.0834310843
0.0133451061
0.0784598384
0.0634974909
0.0772294903
0.0850020647
0.0002773400
0.0862202203
0.4686646232
0.1566375388
0.2882002778
0.0855534367
0.0875372107
0.1022717073
0.1018715885
0.1023745325
0.0693199852
0.0142242477
0.0386700222
0.0951247072
0.0346402997
0.0347900183
0.0641298948
0.0714922445
0.0980001046
0.2174500958
0.0246952571
0.1752710332
0.0524261113
0.3096833370
0.1923210656
0.0281530999
0.1924488711
0.0428052769
0.2215863908
0.1703281426
0.0000694841
0.0510207744
0.0581804194
0.1203530602
0.1432075806
0.0475596930
0.0592830263
0.0726545485
0.1049312380
0.0777860580
0.0005327128
0.0084876502
0.1080870209
0.0603314046
0.0397304704
0.0922966650
0.0847292828
0.0544274203
0.0655280019
0.0816539678
0.0105073221
0.0314735173
0.0210892642
0.0287290977
0.0378929566
0.0623249265
0.0686516767
0.1257398237
0.0333044846
0.0815301407
0.0176342678
0.1113149828
0.0541675235
0.1284968613
0.0925405149
0.0542897176
0.0822937616
0.0972100354
0.0008972425
0.1023497903
0.0392122728
0.0534278646
0.0344894366
0.0406324619
0.0903298830
0.0100638987
0.0178273331
0.0806299925
0.0216226654
0.0668081082
0.0005669182
0.0168935673
0.0849891986
0.0013989487
0.0056535196
0.0697141371
0.0192391868
0.0637436805
0.0533940207
0.0289058375
0.1064272808
0.0229675682
0.0010636920
0.1164859901
0.0498620396
0.0521078368
0.0217955841
0.0667220739
0.1043173516
0.0075481944
0.0939373512
0.0576770091
0.0895278142
0.0942850162
0.1152751978
0.7530346143
0.2469653857
0.2400748814
0.1079169943
0.1398751065
0.2587656829
0.2213362145
0.0320311203
0.0710838557
0.1108506586
0.0774443200
0.0945226625
0.0711087557
0.0450851878
0.0002999451
0.0151088578
0.1163595640
0.1225456514
0.0958362056
0.0356315095
0.1441228262
0.2112619414
0.2441313145
0.3198644710
0.2247422730
0.1145225499
0.0040243056
0.0727722769
0.0842401773
0.0708301071
0.0515040294
0.0842460567
0.0381206340
0.0489207087
0.0329657995
0.0410748843
0.0615428955
0.0848285435
0.0962579513
0.0702424516
0.0439066285
0.0376158581
0.1787104736
0.1243064249
0.0832793686
0.1217026534
0.0384491150
0.0691122427
0.0122440828
0.1422087645
0.0596873112
0.0538485641
0.0788351412
0.1974010980
0.1110808088
0.1623930758
0.1372233857
0.1230491962
0.1314945073
0.0874066058
0.0499513224
0.1402152475
0.1267927671
0.0044622430
0.2158569181
0.0066182441
0.0680203049
0.0611904444
0.2543001467
0.0194204097
0.1031232745
0.0570822832
0.0651738906
0.0847035693
0.0100820637
0.0997729711
0.0311848781
0.0227712760
0.0348030682
0.0404255865
0.0388942909
0.0702846798
0.0082606958
0.0387409481
0.0007869582
0.0996274411
0.0036166689
0.0403196314
0.0405163876
0.0940981785
0.1052146162
0.0136399167
0.0909358135
0.0462136179
0.0209554994
0.0851502831
0.0109911530
0.1010534937
0.0603312087
0.0609948243
0.1305810880
0.1601379682
0.1040988075
0.0376056902
0.0463718170
0.0445787357
0.0518689740
0.0943425952
0.1202172229
0.0798350105
0.1299647283
0.0626376037
0.0524125803
0.0999622715
0.0584718431
0.0130930014
0.0948275596
0.1019174205
0.0404491889
0.3200506431
0.0176701088
0.0615520431
0.2305615374
0.2896873959
0.0804782717
0.0116114437
0.1000445997
0.1059488558
0.1036696086
0.1099777136
0.0868891614
0.1120537338
0.0354407938
0.0562800235
0.0284069810
0.0044165411
0.0524178350
0.0787807395
0.1140619694
0.0489256610
0.3106596954
0.0112327153
0.1429410273
0.2120980414
0.0354029758
0.2044922782
0.0342476057
0.0822388315
0.0705576367
0.0830168506
0.1365963796
0.0506031307
0.0418202271
0.1009648626
0.1312468857
0.1265155551
0.1453658955
0.0071780208
0.0238957241
0.0910722391
0.1012443370
0.1101675344
0.0548873518
0.0987363544
0.0673702151
0.0291546978
0.0886924598
0.0525411909
0.0394857195
0.0528855958
0.0516420129
0.0832771691
0.0788431223
0.0929174267
0.0373760544
0.0059133637
0.0863063388
0.1325126924
0.1071361652
0.0416369916
0.1080674249
0.1260467898
0.0768536531
0.0949110649
0.0903220343
0.1403146467
0.1219806315
0.0745373702
0.0137664728
0.0245045445
0.1437653513
0.0074932952
0.0127132668
0.0930785313
0.1065623729
0.0251253073
0.0502976859
0.0698339129
0.1160266107
0.1644808225
0.0443741665
0.1180622292
0.0857691057
0.1633284610
0.0775072692
0.1014218326
0.0116500060
0.1416514401
0.0917546672
0.1416274705
0.1225514056
0.0557419393
0.0523868589
0.0883001599
0.1749099948
0.1702856332
0.1226774589
0.0715190789
0.1109166215
0.0456162389
0.0796307482
0.2028331052
0.0952653025
0.0877690957
0.1387512965
0.0819961757
0.1572214159
