548
0 1
0 2
0 3
0 4
0 5
0 6
0 7
0 8
0 9
0 10
0 11
1 2
1 7
1 12
1 13
1 14
1 15
1 16
1 17
1 18
1 19
1 20
1 21
1 22
1 23
1 24
1 25
1 26
1 27
1 28
1 29
1 30
1 31
2 32
2 33
2 34
2 35
2 36
3 7
3 37
3 38
3 39
3 40
3 41
4 7
4 14
4 15
4 17
4 42
4 43
4 44
4 45
4 46
4 47
4 48
4 49
4 50
4 51
4 52
5 15
5 23
5 32
5 33
5 53
5 54
5 55
5 56
5 57
5 58
5 59
5 60
5 61
5 62
5 63
6 14
6 15
6 64
6 65
6 66
6 67
6 68
7 9
7 10
7 13
7 22
7 24
7 34
7 40
7 49
7 65
7 66
7 67
7 69
7 70
7 71
7 72
7 73
7 74
7 75
7 76
7 77
7 78
7 79
7 80
7 81
7 82
7 83
7 84
7 85
7 86
7 87
7 88
7 89
7 90
7 91
7 92
7 93
7 94
7 95
7 96
8 10
8 14
8 33
8 44
8 47
8 58
8 59
8 73
8 83
8 97
8 98
9 99
9 100
9 101
9 102
10 13
10 14
10 15
10 31
10 32
10 33
10 35
10 42
10 53
10 54
10 57
10 58
10 59
10 61
10 63
10 82
10 83
10 97
10 239
10 265
10 288
10 289
10 290
10 298
10 300
10 310
10 320
10 327
10 331
10 342
10 357
10 360
10 366
10 395
10 399
10 403
10 404
10 405
10 406
11 38
11 44
11 54
11 328
11 424
12 14
12 18
12 42
12 67
12 353
13 23
13 42
13 44
13 53
13 66
13 266
13 300
13 308
13 363
13 364
13 365
14 18
14 26
14 30
14 32
14 33
14 36
14 42
14 43
14 47
14 51
14 55
14 58
14 59
14 69
14 74
14 82
14 84
14 93
14 135
14 209
14 265
14 289
14 296
14 298
14 301
14 306
14 310
14 314
14 315
14 318
14 323
14 325
14 328
14 332
14 339
14 345
14 362
14 363
14 364
14 366
14 373
14 374
14 375
14 376
14 377
14 378
14 379
14 380
14 381
14 382
14 383
14 384
14 385
14 386
14 387
14 388
14 389
15 66
15 69
15 74
15 84
15 93
15 307
15 327
15 338
15 340
15 343
15 417
16 23
16 32
16 45
16 50
16 54
16 58
16 59
16 71
16 72
16 74
16 291
16 307
16 314
16 323
16 326
16 330
16 335
16 343
16 347
16 367
16 375
16 438
17 39
17 73
17 84
17 89
17 266
17 287
17 318
17 323
17 336
17 367
17 446
17 456
18 20
18 33
18 64
18 68
18 73
18 89
18 91
18 93
18 98
18 265
18 290
18 316
18 330
18 335
18 336
18 358
18 377
18 388
18 440
19 59
19 266
19 290
19 318
19 365
20 25
20 292
20 386
20 399
20 439
20 457
20 458
21 26
21 34
21 43
21 45
21 81
21 84
21 87
21 221
21 262
21 286
21 334
21 351
21 355
21 408
21 412
21 413
21 445
21 459
21 460
21 461
22 66
22 191
22 293
22 397
22 438
23 27
23 33
23 34
23 38
23 48
23 58
23 65
23 73
23 80
23 88
23 97
23 195
23 290
23 294
23 316
23 318
23 326
23 328
23 330
23 340
23 341
23 342
23 375
23 383
23 393
23 400
23 444
24 46
24 54
24 70
24 78
24 79
24 306
24 318
24 331
24 350
25 211
25 439
25 457
26 33
26 34
26 42
26 45
26 47
26 48
26 53
26 58
26 59
26 71
26 91
26 97
26 275
26 289
26 291
26 293
26 305
26 307
26 313
26 328
26 340
26 345
26 359
26 377
26 383
26 394
26 407
26 431
26 432
26 448
26 462
27 30
27 55
27 58
27 64
27 73
27 94
27 265
27 308
27 463
28 280
28 464
29 34
29 333
29 343
29 423
30 58
30 66
30 68
30 73
30 98
30 303
30 323
30 337
30 344
30 347
30 395
30 465
30 466
30 467
31 51
31 66
31 83
31 118
31 328
31 359
31 368
31 413
31 442
31 527
32 33
32 37
32 42
32 56
32 65
32 69
32 71
32 77
32 78
32 262
32 287
32 289
32 290
32 295
32 300
32 306
32 307
32 312
32 318
32 319
32 320
32 321
32 322
32 323
32 324
32 325
32 326
33 34
33 35
33 38
33 42
33 50
33 53
33 54
33 55
33 56
33 58
33 59
33 65
33 66
33 69
33 82
33 83
33 89
33 97
33 265
33 289
33 290
33 291
33 292
33 298
33 304
33 307
33 308
33 310
33 312
33 315
33 316
33 317
33 333
33 339
33 342
33 343
33 344
33 349
33 365
33 366
33 367
33 368
33 369
33 370
33 371
34 58
34 65
34 260
34 317
34 318
34 330
34 344
34 348
34 379
34 414
35 78
35 260
35 334
35 346
35 350
36 46
36 51
36 58
36 66
36 73
36 298
36 300
36 339
36 340
36 365
36 384
36 400
36 407
36 413
36 459
36 495
36 504
37 39
37 51
37 89
37 288
37 298
37 329
37 343
37 349
37 364
37 365
37 381
37 499
37 500
38 97
38 307
38 330
38 379
39 52
39 101
39 266
39 304
39 365
39 391
39 412
39 426
39 440
39 502
39 504
39 519
40 196
40 343
40 365
40 370
40 423
40 515
41 118
41 385
41 420
42 53
42 54
42 55
42 69
42 288
42 289
42 290
42 291
42 292
42 293
42 294
42 295
42 296
42 297
42 298
42 299
42 300
42 301
42 302
43 64
43 87
43 266
43 314
43 333
43 359
43 381
43 404
43 502
44 65
44 330
44 404
45 54
45 59
45 66
45 300
45 328
45 340
45 380
45 400
46 66
46 79
46 328
47 58
47 59
47 73
47 93
47 191
47 287
47 289
47 292
47 296
47 300
47 301
47 303
47 329
47 346
47 347
47 355
47 363
47 384
47 405
47 412
47 420
47 437
47 524
48 54
48 57
48 58
48 59
48 265
48 290
48 307
48 340
48 348
48 371
48 373
48 375
48 379
48 392
48 400
48 410
48 433
48 456
48 503
49 293
49 330
49 520
50 68
50 299
51 366
51 371
51 381
52 438
52 450
53 56
53 60
53 97
53 293
53 295
53 298
53 304
53 307
53 312
53 313
53 314
53 315
53 316
53 317
54 55
54 58
54 59
54 60
54 66
54 91
54 97
54 291
54 293
54 295
54 300
54 309
54 314
54 315
54 317
54 330
54 331
54 338
54 339
54 341
54 343
54 350
54 369
54 377
54 393
54 394
54 395
54 396
54 397
54 398
55 62
55 97
55 229
55 236
55 245
55 290
55 298
55 300
55 305
55 327
55 339
55 340
55 346
55 373
55 383
55 404
55 407
56 58
56 70
56 73
56 74
56 86
56 97
56 293
56 298
56 301
56 304
56 307
56 335
56 338
56 339
56 340
56 448
57 97
57 378
58 59
58 77
58 82
58 89
58 91
58 97
58 265
58 279
58 281
58 289
58 291
58 296
58 298
58 300
58 304
58 307
58 312
58 314
58 317
58 318
58 328
58 330
58 331
58 333
58 339
58 342
58 343
58 344
58 350
58 351
58 357
58 367
58 370
58 412
58 414
58 448
58 464
58 515
58 516
59 66
59 69
59 70
59 96
59 97
59 100
59 121
59 291
59 298
59 303
59 307
59 331
59 418
59 438
59 448
60 291
60 293
60 298
60 328
60 330
60 340
60 405
60 420
61 69
61 330
61 343
61 344
61 345
61 379
61 400
61 441
62 305
62 380
62 408
62 413
63 87
63 91
63 97
63 464
64 66
64 73
64 74
64 95
64 265
64 297
64 358
64 367
64 384
65 66
65 74
65 80
65 84
65 91
65 98
65 231
65 289
65 292
65 295
65 297
65 298
65 302
65 305
65 312
65 318
65 326
65 328
65 330
65 339
65 340
65 351
65 357
65 367
65 383
65 384
65 388
65 395
65 402
65 409
65 410
65 420
65 422
65 424
65 432
65 441
65 442
65 443
65 444
65 445
65 446
65 447
66 69
66 74
66 78
66 161
66 262
66 264
66 288
66 328
66 340
66 342
66 351
66 356
66 420
66 450
67 71
67 77
67 164
67 169
67 296
67 303
67 305
67 317
67 329
67 344
67 412
67 449
68 78
68 264
68 340
68 438
68 523
69 72
69 74
69 75
69 77
69 80
69 86
69 289
69 290
69 292
69 297
69 306
69 308
69 313
69 318
69 319
69 326
69 330
69 339
69 356
69 357
69 358
69 359
69 360
69 361
69 362
70 73
70 77
70 290
70 328
70 388
70 411
71 86
71 91
71 282
71 296
71 327
71 331
71 344
71 382
71 383
71 415
71 416
72 84
72 86
72 327
72 368
73 282
73 291
73 295
73 300
73 305
73 307
73 312
73 326
73 327
73 338
73 340
73 368
73 371
73 394
73 418
74 75
74 76
74 262
74 289
74 291
74 304
74 305
74 318
74 319
74 327
74 328
74 330
74 331
74 332
74 339
74 340
74 343
74 356
74 393
74 419
74 420
75 289
75 304
75 330
75 335
75 406
76 320
76 339
77 294
77 307
77 342
77 345
77 350
77 394
77 404
77 450
78 287
78 291
78 340
78 409
79 97
79 301
79 350
79 383
80 300
80 328
80 398
80 420
80 437
81 97
82 97
82 298
82 315
82 320
82 363
82 431
83 288
83 331
83 371
83 378
83 420
83 441
84 260
84 314
84 318
84 320
84 329
84 330
84 344
84 350
84 379
84 408
85 295
85 330
85 418
86 301
86 318
86 323
86 335
86 405
87 295
87 376
87 397
87 465
88 270
88 304
88 305
88 347
89 266
89 300
89 332
89 359
89 376
89 431
89 494
89 502
89 519
89 525
90 329
90 405
90 416
91 98
91 291
91 318
91 319
91 339
91 340
91 356
91 405
92 262
92 376
92 447
93 298
93 394
93 522
94 288
95 391
96 264
97 265
97 289
97 291
97 298
97 300
97 307
97 308
97 318
97 323
97 324
97 339
97 342
97 343
97 357
97 363
97 367
97 368
97 369
97 375
97 412
98 288
98 363
98 426
98 456
98 541
99 110
99 111
99 113
99 116
99 118
99 119
99 123
99 125
99 126
99 128
99 129
99 130
99 131
99 132
99 136
99 140
99 141
99 144
99 156
99 165
99 173
99 189
99 193
99 195
99 202
99 210
99 213
99 230
99 234
99 259
100 283
100 494
101 266
101 343
101 502
102 532
102 541
103 104
103 105
103 106
103 107
103 108
103 109
103 110
103 111
103 112
103 113
103 114
103 115
103 116
103 117
103 118
103 119
103 120
104 116
104 121
104 122
104 123
104 124
104 125
105 107
105 111
105 113
105 116
105 118
105 120
105 121
105 125
105 126
105 127
105 128
105 129
105 130
105 131
105 132
105 133
105 134
105 135
105 136
105 137
105 138
105 139
105 140
105 141
105 142
105 143
105 144
105 145
105 146
105 147
105 148
105 149
105 150
105 151
105 152
105 153
105 154
106 111
106 115
106 116
106 118
106 119
106 121
106 130
106 134
106 135
106 141
106 143
106 144
106 154
106 155
106 156
106 157
106 158
106 159
106 160
106 161
106 162
106 163
106 164
106 165
106 166
106 167
106 168
107 114
107 116
107 120
107 121
107 123
107 127
107 130
107 131
107 134
107 154
107 155
107 169
107 170
107 171
107 172
107 173
107 174
107 175
107 176
107 177
107 178
107 179
108 110
108 116
108 118
108 130
108 131
108 134
108 143
108 144
108 147
108 149
108 154
108 174
108 180
108 181
108 182
108 183
108 184
108 185
108 186
108 187
108 188
109 111
109 116
109 118
109 119
109 126
109 131
109 134
109 138
109 141
109 144
109 170
109 189
109 190
109 191
109 192
109 193
110 111
110 116
110 118
110 122
110 125
110 126
110 128
110 130
110 131
110 133
110 134
110 135
110 136
110 137
110 139
110 144
110 146
110 147
110 148
110 151
110 157
110 160
110 161
110 164
110 165
110 173
110 174
110 175
110 178
110 181
110 182
110 185
110 189
110 192
110 193
110 194
110 195
110 196
110 197
110 198
110 199
110 200
110 201
110 202
110 203
110 204
110 205
110 206
110 207
110 208
110 209
111 116
111 117
111 118
111 119
111 121
111 126
111 128
111 129
111 130
111 131
111 132
111 134
111 136
111 137
111 141
111 142
111 145
111 147
111 160
111 169
111 180
111 190
111 202
111 207
111 210
111 211
111 212
111 213
111 214
111 215
112 114
113 116
113 118
113 127
113 128
113 130
113 131
113 134
113 135
113 136
113 138
113 144
113 146
113 147
113 152
113 160
113 161
113 167
113 170
113 178
113 181
113 188
113 189
113 197
113 201
113 202
113 204
113 206
113 207
113 208
113 209
113 213
113 216
113 217
113 218
113 219
113 220
113 221
113 222
113 223
113 224
113 225
113 226
113 227
113 228
114 116
114 118
114 123
114 129
114 131
114 136
114 144
114 173
114 229
114 230
114 231
114 232
115 118
115 119
115 120
115 124
115 127
115 128
115 130
115 133
115 136
115 138
115 142
115 143
115 144
115 145
115 147
115 151
115 152
115 154
115 164
115 166
115 167
115 170
115 172
115 176
115 183
115 195
115 198
115 226
115 233
115 234
115 235
115 236
115 237
115 238
115 239
115 240
116 117
116 118
116 119
116 120
116 121
116 122
116 123
116 125
116 126
116 127
116 128
116 129
116 130
116 131
116 132
116 133
116 134
116 136
116 137
116 139
116 140
116 141
116 142
116 143
116 144
116 145
116 146
116 147
116 148
116 149
116 152
116 154
116 155
116 158
116 159
116 161
116 163
116 164
116 166
116 167
116 171
116 173
116 174
116 175
116 178
116 180
116 181
116 182
116 183
116 184
116 186
116 189
116 194
116 196
116 197
116 198
116 201
116 202
116 203
116 212
116 213
116 214
116 216
116 220
116 225
116 226
116 229
116 230
116 231
116 232
116 233
116 234
116 236
116 237
116 238
116 239
116 240
116 241
116 242
116 243
116 244
116 245
116 246
116 247
116 248
116 249
116 250
116 251
116 252
116 253
116 254
116 255
116 256
116 257
116 258
117 118
117 119
117 122
117 128
117 130
117 131
117 133
117 134
117 139
117 142
117 145
117 149
117 154
117 158
117 160
117 169
117 170
117 171
117 173
117 188
117 194
117 197
117 201
117 207
117 209
117 220
117 248
117 253
117 254
117 256
117 257
117 259
118 119
118 120
118 121
118 122
118 123
118 124
118 126
118 127
118 128
118 129
118 131
118 134
118 136
118 137
118 138
118 139
118 140
118 141
118 143
118 144
118 145
118 147
118 150
118 151
118 152
118 155
118 156
118 159
118 160
118 161
118 163
118 167
118 169
118 170
118 171
118 172
118 173
118 174
118 175
118 177
118 178
118 179
118 180
118 181
118 183
118 184
118 185
118 187
118 188
118 189
118 192
118 193
118 194
118 197
118 200
118 206
118 207
118 212
118 213
118 214
118 215
118 216
118 217
118 218
118 223
118 224
118 225
118 227
118 228
118 230
118 234
118 236
118 237
118 238
118 239
118 241
118 243
118 245
118 246
118 248
118 249
118 250
118 252
118 253
118 254
118 260
118 261
118 262
118 263
118 264
118 265
118 266
118 267
118 268
118 269
118 270
118 271
118 272
118 273
118 274
118 275
118 276
118 277
118 278
118 279
118 280
118 281
118 282
118 283
118 284
119 121
119 123
119 124
119 126
119 128
119 130
119 131
119 132
119 133
119 134
119 136
119 139
119 141
119 142
119 143
119 144
119 146
119 147
119 148
119 151
119 152
119 154
119 160
119 164
119 165
119 169
119 173
119 178
119 181
119 188
119 189
119 194
119 195
119 201
119 223
119 230
119 238
119 240
119 241
119 249
119 252
119 256
119 259
119 285
120 126
120 127
120 130
120 134
120 136
120 143
120 144
120 145
120 160
120 172
120 178
120 183
120 194
120 195
120 198
120 216
120 229
120 233
120 242
120 276
120 286
120 287
121 122
121 126
121 130
121 131
121 133
121 134
121 136
121 138
121 141
121 144
121 148
121 152
121 155
121 157
121 158
121 160
121 165
121 168
121 170
121 173
121 183
121 189
121 193
121 194
121 201
121 213
121 229
121 234
121 241
121 245
121 453
121 454
121 455
122 126
122 128
122 130
122 133
122 141
122 143
122 144
122 148
122 149
122 157
122 169
122 170
122 175
122 183
122 184
122 195
122 213
122 231
122 427
122 506
123 126
123 128
123 130
123 131
123 133
123 134
123 137
123 138
123 142
123 143
123 144
123 146
123 148
123 149
123 158
123 160
123 164
123 165
123 167
123 172
123 173
123 178
123 183
123 184
123 195
123 202
123 220
123 229
123 230
123 233
123 234
123 245
123 254
123 259
123 405
124 233
125 130
125 133
125 134
125 136
125 144
125 147
125 173
125 180
125 189
125 193
125 197
125 206
125 249
125 428
125 455
126 127
126 128
126 129
126 130
126 131
126 132
126 133
126 134
126 135
126 137
126 139
126 143
126 144
126 146
126 148
126 149
126 152
126 154
126 159
126 160
126 161
126 165
126 169
126 173
126 178
126 179
126 182
126 183
126 184
126 189
126 192
126 197
126 201
126 202
126 206
126 209
126 218
126 220
126 221
126 229
126 230
126 234
126 242
126 257
126 275
126 285
127 130
127 131
127 132
127 134
127 136
127 137
127 138
127 142
127 143
127 144
127 149
127 154
127 159
127 160
127 166
127 171
127 173
127 188
127 189
127 207
127 216
127 236
127 245
127 275
127 285
128 129
128 130
128 131
128 132
128 133
128 134
128 135
128 136
128 141
128 142
128 144
128 147
128 153
128 154
128 161
128 164
128 171
128 173
128 178
128 182
128 189
128 190
128 192
128 193
128 198
128 202
128 210
128 212
128 213
128 214
128 215
128 217
128 221
128 225
128 229
128 231
128 233
128 234
128 237
128 238
128 243
128 244
128 245
128 251
128 255
128 468
128 469
128 505
129 131
129 142
129 164
129 178
129 202
129 507
129 508
130 131
130 134
130 136
130 137
130 139
130 141
130 142
130 143
130 144
130 145
130 147
130 148
130 149
130 150
130 151
130 155
130 158
130 159
130 163
130 167
130 169
130 170
130 172
130 173
130 174
130 175
130 178
130 183
130 184
130 186
130 189
130 192
130 193
130 195
130 197
130 201
130 210
130 216
130 220
130 223
130 224
130 231
130 236
130 237
130 239
130 245
130 247
130 248
130 250
130 252
130 253
130 254
130 259
130 261
130 271
130 273
130 427
130 468
130 470
130 509
131 132
131 134
131 135
131 136
131 137
131 138
131 139
131 142
131 143
131 144
131 148
131 149
131 152
131 153
131 154
131 155
131 159
131 160
131 170
131 171
131 173
131 174
131 177
131 178
131 182
131 184
131 185
131 188
131 189
131 192
131 197
131 202
131 207
131 209
131 213
131 216
131 220
131 221
131 224
131 229
131 233
131 234
131 236
131 237
131 240
131 241
131 245
131 246
131 248
131 250
131 252
131 258
131 259
131 273
131 469
131 510
132 134
132 141
132 143
132 144
132 197
132 213
132 221
132 427
133 135
133 136
133 141
133 142
133 144
133 157
133 158
133 159
133 164
133 165
133 174
133 175
133 182
133 183
133 184
133 189
133 190
133 192
133 203
133 210
133 220
133 237
133 245
133 427
133 453
133 499
134 136
134 139
134 142
134 143
134 144
134 146
134 147
134 148
134 149
134 152
134 159
134 161
134 164
134 167
134 169
134 171
134 172
134 173
134 174
134 175
134 177
134 178
134 179
134 183
134 186
134 189
134 190
134 192
134 193
134 194
134 196
134 197
134 201
134 202
134 203
134 204
134 205
134 207
134 210
134 214
134 216
134 217
134 220
134 225
134 229
134 231
134 232
134 233
134 234
134 236
134 238
134 239
134 243
134 245
134 246
134 248
134 249
134 250
134 251
134 253
134 259
134 275
134 453
134 468
134 505
134 509
134 511
135 136
135 137
135 145
135 149
135 169
135 173
135 178
135 181
135 184
135 188
135 206
135 216
135 224
135 229
135 239
135 248
135 348
135 463
136 137
136 139
136 140
136 141
136 143
136 144
136 147
136 148
136 160
136 169
136 170
136 172
136 173
136 175
136 178
136 191
136 192
136 197
136 202
136 206
136 209
136 213
136 221
136 229
136 231
136 234
136 275
136 427
136 463
136 505
136 511
137 139
137 142
137 143
137 147
137 151
137 152
137 170
137 173
137 175
137 178
137 188
137 189
137 213
137 216
137 225
137 232
137 234
137 513
138 139
138 140
138 141
138 142
138 172
138 188
138 197
138 220
138 236
138 244
138 245
138 246
138 247
139 143
139 144
139 156
139 160
139 166
139 167
139 169
139 170
139 176
139 188
139 197
139 207
139 211
139 230
139 234
139 248
139 259
141 145
141 164
141 169
141 170
141 172
141 189
141 209
141 213
141 214
141 224
141 229
141 254
141 256
141 259
141 275
141 363
141 505
142 143
142 144
142 149
142 160
142 163
142 171
142 173
142 178
142 189
142 197
142 202
142 207
142 218
142 233
142 234
142 236
142 259
142 272
143 144
143 147
143 148
143 149
143 152
143 164
143 170
143 171
143 173
143 176
143 178
143 183
143 188
143 189
143 192
143 207
143 209
143 224
143 248
143 251
143 509
144 146
144 147
144 148
144 149
144 152
144 159
144 161
144 170
144 171
144 173
144 174
144 178
144 180
144 182
144 183
144 188
144 189
144 202
144 203
144 216
144 220
144 229
144 234
144 236
144 237
144 245
144 246
144 248
144 254
144 256
145 146
145 152
145 173
145 181
145 192
145 194
145 221
145 234
145 275
145 505
146 170
146 189
146 192
146 246
146 275
147 156
147 164
147 169
147 170
147 174
147 175
147 177
147 178
147 183
147 192
147 194
147 197
147 202
147 207
147 212
147 220
147 230
147 236
147 239
147 250
147 258
147 263
147 268
147 273
147 276
148 173
148 189
148 214
148 246
149 153
149 163
149 166
149 173
149 180
149 188
149 197
149 207
149 213
149 241
149 245
149 246
149 248
149 381
149 511
150 173
150 255
151 152
151 164
151 505
152 154
152 168
152 178
152 188
152 217
152 224
152 230
152 238
152 246
152 247
153 157
153 159
153 183
154 159
154 168
154 171
154 172
154 173
154 178
154 189
154 209
154 211
154 234
154 237
155 165
155 172
155 173
155 180
155 188
155 201
155 207
155 216
155 217
155 237
155 254
155 284
156 167
156 170
156 190
156 263
156 470
157 158
157 159
157 169
157 173
157 196
157 197
157 211
157 212
157 229
157 242
158 173
158 189
158 192
158 213
158 217
158 231
158 255
159 169
159 188
159 205
159 209
159 234
160 161
160 169
160 170
160 172
160 174
160 178
160 181
160 183
160 184
160 189
160 195
160 216
160 229
160 234
160 236
160 248
160 511
161 169
161 173
161 175
161 189
161 207
161 217
161 238
161 258
161 268
161 463
161 505
161 511
161 513
161 514
162 211
162 219
162 286
162 364
162 472
162 475
164 167
164 170
164 173
164 174
164 183
164 191
164 197
164 202
164 210
164 214
164 220
164 238
164 240
164 248
164 249
164 250
164 253
165 175
165 229
165 237
165 469
166 167
166 171
166 175
166 180
166 189
166 207
166 230
166 233
166 236
166 238
166 248
166 250
166 510
167 169
167 171
167 172
167 176
167 197
167 217
167 230
167 234
167 247
167 470
168 173
168 180
168 202
168 275
168 470
168 510
169 170
169 193
169 203
169 209
169 220
169 221
169 222
169 223
169 226
169 231
169 232
169 237
169 243
169 258
169 271
169 363
169 427
170 171
170 173
170 183
170 197
170 210
170 214
170 222
170 231
170 238
170 245
170 246
170 248
170 250
170 251
170 259
170 263
170 271
170 272
171 173
171 178
171 183
171 189
171 203
171 216
171 234
171 247
171 513
171 523
172 175
172 176
172 178
172 181
172 202
173 177
173 178
173 179
173 180
173 181
173 182
173 184
173 189
173 193
173 195
173 197
173 198
173 201
173 202
173 207
173 209
173 212
173 213
173 221
173 222
173 223
173 224
173 229
173 231
173 232
173 233
173 245
173 246
173 247
173 250
173 251
173 252
173 257
173 271
173 446
173 453
173 468
173 511
174 180
174 182
174 185
174 197
174 204
174 216
174 234
175 183
175 197
175 209
175 210
175 213
175 221
175 225
175 231
176 252
176 278
176 286
178 189
178 206
178 207
178 209
178 216
178 225
178 229
178 230
178 250
179 233
180 185
180 194
180 212
180 213
180 221
180 429
181 183
181 216
181 220
181 263
182 184
182 185
182 202
182 217
183 194
183 198
183 201
183 203
183 216
183 217
183 226
183 233
183 237
184 185
184 248
185 188
188 197
188 216
188 217
188 236
188 240
188 241
188 244
188 246
188 252
188 271
188 511
189 202
189 209
189 212
189 214
189 221
189 234
189 245
189 258
190 192
190 198
190 210
190 213
190 233
190 249
190 428
190 469
191 223
191 281
191 408
191 424
191 431
192 193
192 202
192 213
192 214
192 225
192 226
192 234
192 255
192 427
193 201
193 216
193 218
193 234
193 247
193 427
193 514
194 212
194 220
194 229
194 240
194 249
194 285
195 213
195 231
195 244
195 255
195 258
195 263
195 453
196 221
196 248
196 505
197 203
197 229
197 238
197 241
197 261
197 277
198 201
198 245
198 259
199 218
199 299
199 448
199 484
202 213
202 224
202 234
202 240
202 248
202 257
203 208
203 427
204 253
204 403
204 538
205 225
205 322
206 209
206 217
206 232
206 238
207 232
207 234
207 236
207 259
207 477
207 545
208 508
209 217
210 257
210 411
211 218
211 231
211 236
211 255
211 404
211 415
211 460
211 472
211 489
211 492
211 500
212 220
213 220
213 221
213 233
213 252
213 470
214 225
215 225
216 223
216 236
216 241
216 250
216 275
216 428
217 218
217 225
217 243
218 249
218 253
218 286
218 471
218 477
218 486
219 415
219 473
219 487
220 233
220 234
220 246
221 460
222 238
223 238
223 255
224 245
224 273
225 257
225 268
225 271
225 276
225 448
227 255
229 232
229 245
229 261
229 276
229 453
230 232
230 326
230 511
231 237
231 255
231 427
232 284
232 427
233 234
233 285
233 427
234 237
234 245
235 286
235 487
235 529
235 532
235 533
236 254
237 470
241 263
241 468
241 469
242 470
243 511
245 272
246 450
246 523
248 253
248 505
250 276
250 509
251 276
253 275
256 275
259 511
260 266
260 411
260 412
260 413
260 414
261 428
262 330
263 428
264 280
264 343
264 380
264 425
264 496
265 291
265 307
265 332
265 342
265 344
265 518
266 292
266 299
266 300
266 365
266 444
266 502
266 504
266 519
266 520
267 298
267 318
267 328
269 274
269 277
269 279
269 373
269 403
269 451
269 472
269 475
269 476
269 477
269 479
269 481
269 482
269 484
269 485
269 486
269 488
269 489
269 507
269 534
269 535
269 536
269 537
269 538
272 398
272 514
272 543
274 472
274 477
274 483
274 486
274 523
275 276
275 484
276 307
276 506
276 511
277 278
277 279
277 283
277 352
277 373
277 415
277 418
277 451
277 471
277 472
277 475
277 476
277 478
277 480
277 481
277 493
277 507
277 529
277 535
277 539
278 471
279 298
279 335
279 343
279 352
280 502
281 460
283 352
283 373
283 403
283 471
283 472
283 476
283 480
283 481
285 329
286 415
286 450
286 453
286 454
286 475
286 480
286 527
286 529
286 542
287 298
287 300
287 318
287 319
287 320
287 342
287 358
287 381
287 431
288 298
288 303
289 293
289 298
289 304
289 305
289 306
289 307
289 308
289 309
289 310
289 311
290 318
290 327
290 328
290 329
290 330
290 331
290 332
290 333
290 334
290 335
290 336
290 337
290 338
291 298
291 305
291 307
291 308
291 314
291 334
291 339
291 340
291 341
291 342
291 343
291 344
291 345
291 346
291 347
291 348
291 349
292 339
292 350
292 351
292 352
293 308
293 313
293 316
293 344
293 354
293 355
294 307
294 347
294 350
295 307
295 315
295 327
295 372
296 306
296 307
296 390
296 391
296 392
297 332
297 391
298 300
298 307
298 318
298 324
298 371
298 383
298 399
298 400
298 401
298 402
299 373
300 313
300 318
300 328
300 331
300 339
300 340
300 347
300 408
300 409
300 410
303 339
303 340
303 342
303 363
303 377
303 432
303 523
304 312
304 333
304 359
304 400
305 328
305 340
305 342
305 397
305 451
305 452
306 315
306 339
306 345
306 351
306 363
306 364
306 371
306 396
306 400
306 418
306 426
306 432
306 439
306 464
306 490
306 491
306 492
306 493
307 308
307 346
307 347
307 352
307 367
307 379
307 384
307 392
307 397
307 400
307 405
307 413
307 456
307 495
307 496
307 497
307 498
308 338
308 371
310 347
311 353
311 419
312 364
313 323
313 324
313 339
314 340
314 448
315 323
315 369
315 380
315 405
317 340
317 379
317 381
317 466
318 319
318 320
318 321
318 323
318 328
318 330
318 347
318 358
318 367
318 380
318 381
318 431
318 432
319 323
319 356
319 367
320 323
320 328
320 339
320 350
320 364
320 367
320 383
320 404
320 426
320 431
321 386
323 342
323 381
323 431
323 432
323 494
324 335
325 332
325 380
325 426
325 431
326 348
326 406
327 366
328 339
328 340
328 343
328 367
328 371
328 379
328 390
328 405
328 408
328 421
328 422
328 423
328 424
328 425
328 426
329 364
329 380
329 393
330 358
330 363
330 364
330 380
330 381
330 430
330 431
331 339
331 385
331 394
331 413
331 433
332 436
332 437
333 376
333 405
333 521
333 522
334 375
334 384
334 391
334 413
335 343
335 350
335 379
335 390
335 431
335 432
335 530
338 365
338 405
338 434
339 340
339 351
339 368
339 375
339 378
339 434
339 435
340 367
340 382
340 400
342 363
342 382
343 344
343 351
343 353
343 378
343 397
343 420
343 500
344 353
344 364
344 433
345 370
345 465
345 524
346 351
347 530
348 365
348 386
348 395
349 541
350 366
350 384
350 395
350 396
350 400
350 404
350 405
350 410
350 413
350 420
350 461
350 493
350 503
352 403
352 451
352 472
352 475
352 476
352 480
352 481
352 484
352 486
352 487
353 397
354 520
355 388
356 432
357 360
357 448
357 504
359 384
359 410
359 431
359 449
360 378
361 390
362 371
363 368
363 409
363 424
363 517
364 396
364 450
364 458
364 529
365 400
365 504
365 541
366 371
366 404
367 368
367 381
367 431
367 432
367 450
367 452
369 426
369 438
370 528
370 535
371 380
371 419
371 439
371 491
372 438
373 403
373 471
373 472
373 480
373 481
374 404
374 418
375 388
376 465
378 448
379 450
380 394
380 442
380 445
380 492
382 400
383 425
384 439
385 390
387 448
387 495
388 494
389 515
390 522
390 526
393 439
393 440
394 501
395 409
395 420
397 409
397 519
398 546
398 547
399 439
399 457
399 458
400 409
400 424
400 469
403 471
403 472
403 474
403 476
403 477
403 489
404 501
404 502
405 418
405 448
405 465
405 487
406 545
408 412
413 499
414 467
415 477
415 481
415 482
415 485
415 488
415 507
415 534
415 535
415 536
415 537
415 538
416 448
416 521
416 540
418 451
418 465
418 472
418 476
418 481
418 482
418 484
418 486
418 488
418 498
418 507
418 535
418 536
418 537
420 449
426 432
426 434
426 436
427 505
428 429
430 461
432 466
432 523
433 448
436 528
438 440
438 462
438 531
439 457
439 458
439 515
440 497
443 502
448 525
451 472
451 474
451 478
451 480
451 481
451 483
452 512
457 458
457 465
460 498
462 500
466 496
471 472
471 473
471 474
471 475
471 476
471 477
471 478
471 479
472 476
472 479
472 480
472 481
472 482
472 483
472 484
472 485
472 486
473 487
473 488
474 480
474 481
476 480
476 481
476 486
476 487
476 529
477 487
478 480
478 484
479 482
479 488
479 507
479 535
479 536
479 537
480 481
482 507
482 534
482 535
482 536
482 537
482 538
482 539
488 507
488 534
488 535
488 537
488 538
488 539
502 504
504 521
505 544
507 534
507 535
507 536
507 537
507 538
507 539
532 541
534 535
534 536
534 537
534 538
535 537
535 538
535 539
535 540
536 537
536 538
536 539
537 538
537 539