1788
0 1
0 2
0 3
0 4
0 5
0 6
0 7
0 8
0 9
0 10
0 11
0 12
0 13
0 14
0 15
0 16
0 17
0 18
0 19
0 20
0 21
0 22
0 23
0 24
0 25
0 26
0 27
1 17
1 28
1 29
1 30
1 31
1 32
1 33
1 34
1 35
1 36
1 37
1 38
1 39
1 40
1 41
1 42
1 43
1 44
1 45
1 46
1 47
1 48
1 49
1 50
1 51
1 52
1 53
1 54
1 55
1 56
1 57
1 58
1 59
1 60
1 61
1 62
1 63
1 64
1 65
1 66
1 67
1 68
1 69
1 70
2 7
2 8
2 9
2 10
2 11
2 40
2 75
2 76
2 77
2 78
2 137
2 309
2 317
2 324
2 350
2 361
2 421
2 422
2 423
2 424
2 425
2 426
2 427
2 428
2 429
2 430
2 431
2 432
3 8
3 9
3 11
3 12
3 38
3 63
3 75
3 76
3 77
3 78
3 137
3 147
3 178
3 213
3 247
3 274
3 275
3 312
3 317
3 360
3 380
3 381
3 384
3 385
3 387
3 396
3 422
3 426
3 438
3 439
3 440
3 441
3 442
3 443
3 444
3 445
3 446
3 447
3 448
3 449
3 450
3 451
3 452
3 453
3 454
3 455
3 456
3 457
3 458
3 459
3 460
3 461
3 462
3 463
3 464
3 465
3 466
3 467
3 468
3 469
3 470
3 471
3 472
3 473
3 474
3 475
3 476
3 477
3 478
3 479
3 480
3 481
3 482
3 483
3 484
3 485
3 486
3 487
3 488
3 489
3 490
3 491
3 492
3 493
3 494
3 495
3 496
3 497
3 498
3 499
3 500
3 501
3 502
3 503
3 504
3 505
3 506
3 507
3 508
3 509
4 8
4 9
4 11
4 12
4 17
4 19
4 26
4 38
4 63
4 147
4 178
4 213
4 236
4 247
4 274
4 275
4 317
4 325
4 360
4 363
4 364
4 369
4 380
4 381
4 396
4 421
4 422
4 426
4 430
4 431
4 439
4 440
4 442
4 443
4 444
4 446
4 447
4 448
4 449
4 450
4 451
4 452
4 453
4 454
4 455
4 456
4 457
4 458
4 459
4 464
4 466
4 467
4 468
4 469
4 470
4 471
4 473
4 474
4 475
4 476
4 479
4 480
4 481
4 482
4 485
4 486
4 490
4 491
4 492
4 493
4 494
4 495
4 496
4 497
4 498
4 499
4 500
4 501
4 502
4 503
4 504
4 505
4 506
4 507
4 508
4 509
4 511
4 512
4 531
4 532
4 533
4 534
4 535
4 536
4 537
4 538
4 539
4 540
4 541
4 542
4 543
4 544
4 545
4 546
4 547
4 548
4 549
4 550
4 551
4 552
4 553
4 554
4 555
4 556
4 557
4 558
4 559
4 560
5 8
5 9
5 11
5 12
5 17
5 19
5 30
5 31
5 32
5 33
5 34
5 38
5 40
5 62
5 63
5 65
5 66
5 67
5 97
5 98
5 99
5 100
5 101
5 103
5 147
5 178
5 213
5 236
5 247
5 274
5 275
5 301
5 302
5 317
5 325
5 360
5 369
5 380
5 381
5 396
5 422
5 426
5 435
5 436
5 437
5 438
5 439
5 440
5 441
5 442
5 443
5 444
5 446
5 447
5 448
5 449
5 450
5 451
5 452
5 453
5 454
5 455
5 456
5 457
5 458
5 459
5 464
5 466
5 467
5 468
5 469
5 470
5 471
5 473
5 474
5 475
5 476
5 479
5 480
5 481
5 482
5 485
5 486
5 490
5 491
5 492
5 493
5 494
5 495
5 496
5 497
5 498
5 499
5 500
5 501
5 502
5 503
5 504
5 505
5 506
5 509
5 511
5 512
5 532
5 533
5 534
5 535
5 536
5 537
5 540
5 541
5 542
5 543
5 544
5 545
5 547
5 548
5 549
5 550
5 551
5 552
5 553
5 554
5 555
5 556
5 557
5 559
5 560
5 561
5 562
5 563
5 564
5 565
5 566
5 567
5 568
6 8
6 9
6 10
6 11
6 12
6 17
6 19
6 38
6 63
6 102
6 147
6 178
6 213
6 236
6 247
6 274
6 275
6 313
6 317
6 324
6 325
6 360
6 369
6 380
6 381
6 390
6 396
6 422
6 426
6 438
6 439
6 440
6 442
6 443
6 444
6 446
6 447
6 448
6 449
6 450
6 451
6 452
6 453
6 454
6 455
6 456
6 457
6 458
6 459
6 464
6 466
6 467
6 468
6 469
6 470
6 471
6 473
6 474
6 475
6 476
6 479
6 480
6 481
6 482
6 485
6 486
6 490
6 491
6 492
6 493
6 494
6 495
6 496
6 497
6 498
6 499
6 500
6 501
6 502
6 503
6 504
6 505
6 506
6 509
6 511
6 512
6 532
6 533
6 534
6 535
6 540
6 542
6 543
6 544
6 545
6 547
6 548
6 549
6 550
6 551
6 552
6 553
6 554
6 555
6 556
6 557
6 559
6 560
6 563
6 564
6 565
6 569
6 570
6 571
6 572
6 573
6 574
6 575
6 576
6 577
6 578
6 579
6 580
6 581
6 582
6 583
6 584
6 585
6 586
6 587
6 588
6 589
6 590
6 591
6 592
6 593
6 594
6 595
6 596
6 597
6 598
7 8
7 9
7 10
7 11
7 12
7 13
7 15
7 16
7 17
7 18
7 34
7 37
7 38
7 44
7 47
7 48
7 54
7 57
7 58
7 63
7 78
7 102
7 131
7 147
7 178
7 213
7 236
7 238
7 247
7 270
7 274
7 275
7 303
7 317
7 325
7 360
7 361
7 369
7 377
7 380
7 381
7 396
7 421
7 422
7 423
7 426
7 427
7 439
7 440
7 442
7 443
7 446
7 447
7 448
7 450
7 451
7 452
7 453
7 454
7 455
7 456
7 457
7 458
7 459
7 464
7 466
7 467
7 468
7 469
7 470
7 471
7 473
7 474
7 475
7 476
7 479
7 480
7 482
7 490
7 491
7 492
7 493
7 494
7 495
7 496
7 497
7 498
7 499
7 500
7 501
7 502
7 503
7 504
7 505
7 506
7 509
7 532
7 533
7 540
7 541
7 542
7 544
7 545
7 547
7 548
7 549
7 550
7 551
7 552
7 553
7 554
7 555
7 556
7 557
7 559
7 560
7 563
7 564
7 565
7 569
7 570
7 571
7 572
7 578
7 579
7 580
7 586
7 587
7 591
7 595
7 599
7 600
7 601
7 602
7 603
7 604
7 605
7 606
7 607
7 608
7 609
7 610
7 611
7 612
7 613
7 614
7 615
7 616
7 617
7 618
7 619
7 620
7 621
7 622
7 623
7 624
7 625
7 626
7 627
7 628
7 629
7 630
7 631
7 632
7 633
7 634
7 635
8 10
8 11
8 16
8 17
8 24
8 37
8 39
8 44
8 47
8 48
8 50
8 51
8 53
8 63
8 93
8 98
8 102
8 143
8 178
8 262
8 264
8 270
8 271
8 273
8 280
8 289
8 317
8 361
8 368
8 369
8 377
8 378
8 396
8 421
8 422
8 423
8 426
8 427
8 471
8 483
8 518
8 542
8 587
8 600
8 601
8 603
8 610
8 701
8 730
8 770
8 771
8 777
8 783
8 784
8 788
8 790
8 813
8 815
8 841
8 842
8 858
8 863
8 921
8 922
8 923
8 924
8 925
8 926
8 927
8 928
9 10
9 11
9 16
9 17
9 24
9 37
9 39
9 44
9 47
9 48
9 50
9 51
9 53
9 63
9 93
9 102
9 143
9 178
9 262
9 264
9 280
9 361
9 368
9 369
9 377
9 378
9 396
9 421
9 422
9 423
9 426
9 427
9 471
9 483
9 518
9 542
9 587
9 600
9 601
9 603
9 610
9 701
9 730
9 770
9 771
9 777
9 783
9 784
9 788
9 790
9 813
9 815
9 841
9 842
9 858
9 863
9 921
9 922
9 923
9 924
9 925
9 926
9 927
9 928
10 11
10 14
10 15
10 16
10 18
10 20
10 21
10 22
10 23
10 24
10 28
10 39
10 40
10 43
10 44
10 46
10 47
10 48
10 50
10 51
10 53
10 55
10 74
10 75
10 76
10 77
10 78
10 81
10 82
10 84
10 85
10 88
10 89
10 91
10 92
10 93
10 97
10 98
10 99
10 100
10 101
10 103
10 104
10 143
10 167
10 178
10 236
10 239
10 247
10 259
10 260
10 261
10 262
10 263
10 264
10 270
10 272
10 277
10 280
10 289
10 303
10 304
10 312
10 313
10 314
10 315
10 355
10 367
10 368
10 369
10 377
10 414
10 415
10 421
10 422
10 438
10 441
10 453
10 455
10 456
10 460
10 461
10 462
10 463
10 467
10 469
10 473
10 475
10 482
10 507
10 510
10 511
10 512
10 513
10 528
10 534
10 535
10 538
10 539
10 540
10 543
10 569
10 572
10 573
10 578
10 586
10 591
10 595
10 597
10 600
10 601
10 602
10 603
10 604
10 607
10 608
10 610
10 613
10 621
10 627
10 628
10 629
10 634
10 635
10 636
10 645
10 676
10 683
10 690
10 691
10 694
10 695
10 702
10 703
10 705
10 706
10 722
10 726
10 729
10 730
10 735
10 738
10 739
10 770
10 771
10 773
10 774
10 775
10 776
10 777
10 778
10 779
10 781
10 782
10 783
10 784
10 790
10 813
10 815
10 816
10 817
10 819
10 820
10 821
10 822
10 829
10 841
10 842
10 843
10 844
10 852
10 853
10 854
10 858
10 861
10 862
10 867
10 868
10 869
10 874
10 875
10 878
10 879
10 880
10 881
10 884
10 888
10 890
10 899
10 900
10 902
10 904
10 906
10 908
10 910
10 913
10 918
10 919
10 921
10 922
10 926
10 944
10 952
10 955
10 959
10 965
10 971
10 972
10 973
10 974
10 975
10 976
10 980
10 981
10 983
10 984
10 986
10 988
10 996
10 1001
10 1033
10 1034
10 1035
10 1036
10 1037
10 1038
10 1039
10 1040
10 1041
10 1043
10 1044
10 1045
10 1046
10 1047
10 1048
10 1049
10 1050
10 1051
10 1052
10 1053
10 1054
10 1055
10 1056
10 1057
10 1058
10 1059
10 1060
10 1061
10 1062
10 1063
10 1064
10 1065
10 1066
10 1067
10 1068
10 1069
10 1070
10 1071
10 1072
10 1073
10 1074
10 1075
10 1076
10 1077
10 1078
10 1079
11 15
11 16
11 17
11 18
11 22
11 23
11 24
11 36
11 48
11 74
11 75
11 76
11 77
11 99
11 100
11 101
11 143
11 147
11 191
11 213
11 247
11 259
11 260
11 262
11 263
11 271
11 272
11 277
11 279
11 280
11 289
11 317
11 324
11 334
11 360
11 367
11 368
11 369
11 377
11 378
11 380
11 381
11 384
11 396
11 399
11 414
11 421
11 422
11 423
11 425
11 426
11 427
11 441
11 447
11 450
11 452
11 459
11 468
11 471
11 472
11 473
11 477
11 482
11 483
11 484
11 506
11 514
11 515
11 541
11 543
11 557
11 559
11 560
11 587
11 600
11 602
11 603
11 607
11 616
11 694
11 695
11 696
11 697
11 701
11 702
11 703
11 706
11 718
11 725
11 726
11 728
11 729
11 730
11 732
11 770
11 771
11 772
11 773
11 774
11 776
11 777
11 784
11 788
11 813
11 817
11 819
11 822
11 841
11 854
11 855
11 861
11 866
11 867
11 872
11 873
11 875
11 878
11 882
11 884
11 892
11 900
11 921
11 925
11 952
11 956
11 971
11 972
11 980
11 983
11 1034
11 1035
11 1036
11 1084
11 1085
11 1086
11 1087
11 1088
11 1089
11 1090
11 1091
11 1092
11 1093
11 1094
11 1095
12 13
12 40
12 41
12 42
12 131
12 139
12 266
12 351
12 352
12 353
12 354
12 407
12 438
12 439
12 690
12 691
12 757
12 792
12 847
12 929
12 930
13 132
13 278
13 279
13 318
13 319
13 327
13 334
13 451
13 603
13 690
13 691
13 734
13 742
13 760
13 1095
13 1228
13 1229
13 1230
13 1231
14 35
14 44
14 46
14 48
14 57
14 58
14 81
14 91
14 92
14 94
14 102
14 103
14 262
14 267
14 274
14 359
14 444
14 453
14 455
14 456
14 473
14 570
14 607
14 676
14 701
14 702
14 703
14 704
14 726
14 819
14 873
14 902
14 982
14 1011
14 1055
14 1112
14 1139
14 1293
14 1449
14 1450
14 1451
15 36
15 40
15 93
15 103
15 314
15 315
15 350
15 355
15 358
15 369
15 422
15 427
15 441
15 510
15 511
15 512
15 531
15 534
15 535
15 545
15 727
15 730
15 772
15 776
15 781
15 782
15 822
15 844
15 855
15 886
15 956
15 1365
15 1469
16 27
16 40
16 75
16 76
16 77
16 78
16 97
16 137
16 309
16 361
16 421
16 422
16 423
16 424
16 425
16 426
16 427
16 428
16 1078
16 1493
17 75
17 76
17 77
17 78
17 97
17 98
17 99
17 100
17 101
17 103
17 137
17 430
17 431
17 448
17 451
17 473
17 480
17 484
17 493
17 542
17 548
17 557
17 601
17 630
17 1084
18 27
18 40
18 97
18 235
18 237
18 309
18 361
18 370
18 373
18 421
18 422
18 423
18 424
18 425
18 426
18 427
18 428
18 432
18 464
18 519
18 520
18 522
18 523
18 691
18 708
18 746
18 818
18 832
18 833
18 1122
19 540
19 575
19 588
19 591
19 592
19 593
19 597
19 601
19 819
20 77
20 78
20 81
20 82
20 360
20 470
20 471
20 541
20 601
20 698
20 771
20 852
20 874
20 875
21 77
21 78
21 81
21 82
21 360
21 470
21 471
21 541
21 601
21 698
21 771
21 852
21 874
21 875
22 23
22 24
22 35
22 38
22 39
22 79
22 80
22 91
22 92
22 98
22 100
22 102
22 107
22 143
22 259
22 260
22 261
22 262
22 263
22 264
22 280
22 289
22 360
22 361
22 368
22 414
22 415
22 421
22 422
22 430
22 431
22 447
22 449
22 453
22 455
22 456
22 475
22 481
22 485
22 486
22 538
22 539
22 585
22 645
22 690
22 691
22 730
22 817
22 1062
22 1080
22 1232
22 1381
22 1382
22 1677
23 29
23 35
23 40
23 43
23 44
23 48
23 54
23 79
23 80
23 93
23 102
23 127
23 128
23 129
23 130
23 139
23 236
23 247
23 259
23 260
23 261
23 262
23 263
23 267
23 270
23 304
23 308
23 313
23 317
23 324
23 351
23 352
23 353
23 354
23 367
23 382
23 383
23 386
23 452
23 467
23 482
23 540
23 545
23 573
23 586
23 599
23 693
23 694
23 695
23 705
23 706
23 727
23 731
23 815
23 822
23 829
23 841
23 842
23 843
23 883
23 958
23 970
23 1004
23 1005
23 1042
23 1153
23 1154
23 1155
23 1156
23 1157
23 1158
23 1159
23 1160
23 1161
23 1162
23 1163
23 1164
23 1165
23 1166
23 1498
23 1531
23 1578
23 1718
23 1719
23 1720
23 1721
24 36
24 40
24 55
24 77
24 98
24 99
24 100
24 101
24 102
24 103
24 131
24 236
24 247
24 262
24 330
24 351
24 352
24 353
24 354
24 367
24 377
24 384
24 385
24 423
24 427
24 430
24 431
24 441
24 452
24 453
24 455
24 456
24 482
24 483
24 484
24 511
24 512
24 534
24 535
24 540
24 563
24 564
24 565
24 586
24 587
24 599
24 602
24 615
24 616
24 617
24 618
24 694
24 695
24 705
24 706
24 745
24 759
24 776
24 822
24 936
24 975
24 1084
24 1145
24 1657
24 1661
24 1662
24 1722
25 1750
26 602
27 369
27 371
27 422
27 601
27 771
27 860
28 37
28 39
28 44
28 45
28 48
28 51
28 78
28 101
28 103
28 138
28 143
28 239
28 256
28 262
28 269
28 273
28 298
28 361
28 369
28 377
28 415
28 440
28 472
28 477
28 510
28 515
28 533
28 535
28 570
28 578
28 601
28 676
28 725
28 726
28 727
28 728
28 729
28 730
28 731
28 732
29 38
29 39
29 41
29 42
29 75
29 76
29 77
29 78
29 132
29 137
29 233
29 265
29 266
29 267
29 268
29 271
29 290
29 301
29 305
29 308
29 330
29 335
29 337
29 342
29 344
29 350
29 361
29 379
29 410
29 421
29 422
29 441
29 451
29 457
29 476
29 480
29 564
29 565
29 587
29 640
29 642
29 673
29 689
29 696
29 730
29 733
29 745
29 746
29 747
29 748
29 749
29 750
29 751
29 752
29 753
29 754
29 755
29 756
30 35
30 75
30 238
30 261
30 262
30 273
30 289
30 369
30 377
30 378
30 440
30 450
30 467
30 510
30 513
30 514
30 515
30 543
30 636
30 695
30 728
30 772
30 813
30 817
30 844
30 848
30 855
30 866
30 1109
30 1110
30 1111
31 35
31 75
31 238
31 261
31 262
31 273
31 289
31 369
31 377
31 378
31 440
31 450
31 467
31 510
31 513
31 514
31 515
31 543
31 636
31 695
31 728
31 730
31 772
31 813
31 817
31 844
31 848
31 855
31 866
31 1109
31 1110
31 1111
32 35
32 39
32 53
32 75
32 77
32 100
32 238
32 261
32 262
32 273
32 289
32 369
32 377
32 378
32 440
32 450
32 467
32 510
32 513
32 514
32 515
32 543
32 636
32 695
32 704
32 726
32 728
32 730
32 772
32 813
32 817
32 844
32 848
32 855
32 866
32 918
32 1109
32 1110
32 1111
33 35
33 39
33 53
33 75
33 77
33 100
33 238
33 261
33 262
33 273
33 289
33 369
33 377
33 378
33 440
33 450
33 467
33 510
33 513
33 514
33 515
33 543
33 636
33 695
33 704
33 726
33 728
33 730
33 772
33 813
33 817
33 844
33 848
33 855
33 866
33 918
33 1109
33 1110
33 1111
34 35
34 39
34 53
34 75
34 77
34 100
34 238
34 261
34 262
34 273
34 289
34 369
34 377
34 378
34 440
34 450
34 467
34 503
34 510
34 513
34 514
34 515
34 543
34 603
34 636
34 695
34 704
34 726
34 728
34 730
34 772
34 813
34 817
34 844
34 848
34 855
34 866
34 918
34 976
34 1109
34 1110
34 1111
35 36
35 37
35 43
35 47
35 52
35 65
35 67
35 68
35 73
35 81
35 84
35 94
35 96
35 99
35 100
35 101
35 102
35 104
35 122
35 143
35 236
35 272
35 273
35 355
35 367
35 377
35 418
35 455
35 456
35 459
35 480
35 510
35 513
35 540
35 543
35 544
35 570
35 597
35 601
35 603
35 621
35 623
35 694
35 695
35 705
35 706
35 726
35 727
35 730
35 735
35 739
35 770
35 772
35 773
35 774
35 777
35 782
35 783
35 813
35 815
35 819
35 843
35 848
35 855
35 859
35 866
35 868
35 880
35 893
35 921
35 923
35 925
35 955
35 956
35 972
35 976
35 978
35 980
35 984
35 988
35 998
35 1033
35 1050
35 1051
35 1055
35 1112
35 1113
35 1114
35 1115
35 1116
35 1117
35 1118
35 1119
35 1120
35 1121
35 1122
36 44
36 48
36 73
36 91
36 92
36 93
36 97
36 98
36 99
36 100
36 101
36 131
36 143
36 167
36 264
36 275
36 280
36 289
36 303
36 312
36 326
36 351
36 352
36 353
36 354
36 368
36 414
36 415
36 427
36 444
36 451
36 453
36 460
36 461
36 462
36 463
36 468
36 469
36 570
36 572
36 599
36 602
36 603
36 608
36 609
36 615
36 616
36 617
36 618
36 621
36 645
36 835
36 843
36 895
36 920
36 923
36 975
36 1062
36 1065
36 1115
36 1136
36 1137
36 1138
37 38
37 39
37 43
37 52
37 98
37 99
37 100
37 101
37 103
37 453
37 455
37 456
37 476
37 602
37 608
37 621
37 755
37 759
37 815
37 835
37 841
37 842
37 922
37 923
37 975
37 984
37 1055
37 1112
37 1115
37 1139
38 40
38 44
38 47
38 48
38 50
38 51
38 53
38 63
38 69
38 75
38 76
38 77
38 78
38 97
38 137
38 139
38 140
38 178
38 213
38 234
38 236
38 247
38 267
38 360
38 367
38 418
38 447
38 476
38 482
38 511
38 512
38 534
38 535
38 540
38 599
38 694
38 695
38 698
38 705
38 706
38 755
38 867
38 905
38 1140
38 1141
38 1142
38 1143
39 40
39 41
39 42
39 43
39 44
39 47
39 48
39 50
39 51
39 52
39 53
39 56
39 63
39 69
39 74
39 75
39 76
39 77
39 78
39 97
39 104
39 137
39 178
39 181
39 182
39 183
39 213
39 236
39 247
39 266
39 321
39 328
39 351
39 352
39 353
39 354
39 360
39 361
39 367
39 418
39 421
39 422
39 441
39 466
39 467
39 476
39 482
39 511
39 512
39 534
39 535
39 540
39 601
39 602
39 603
39 645
39 694
39 695
39 698
39 705
39 706
39 716
39 728
39 867
39 899
39 900
39 904
39 905
39 949
39 953
39 984
39 1140
39 1141
39 1142
39 1143
39 1144
39 1145
39 1146
39 1147
40 44
40 45
40 46
40 47
40 51
40 74
40 75
40 76
40 77
40 78
40 97
40 98
40 102
40 103
40 125
40 126
40 131
40 132
40 136
40 137
40 139
40 140
40 143
40 163
40 167
40 213
40 234
40 236
40 260
40 262
40 264
40 273
40 277
40 279
40 289
40 310
40 316
40 317
40 318
40 319
40 350
40 351
40 352
40 353
40 356
40 361
40 366
40 368
40 369
40 372
40 379
40 390
40 406
40 408
40 415
40 422
40 428
40 430
40 431
40 438
40 448
40 449
40 452
40 459
40 471
40 501
40 505
40 510
40 513
40 515
40 517
40 521
40 522
40 523
40 526
40 533
40 560
40 570
40 599
40 601
40 623
40 675
40 680
40 694
40 725
40 729
40 731
40 735
40 746
40 755
40 762
40 769
40 770
40 771
40 776
40 778
40 789
40 796
40 800
40 801
40 804
40 805
40 806
40 807
40 808
40 810
40 817
40 822
40 824
40 825
40 842
40 929
40 930
40 980
40 1011
40 1074
40 1096
40 1110
40 1135
40 1193
40 1232
40 1233
40 1234
40 1235
40 1236
40 1237
40 1238
40 1239
40 1240
40 1241
40 1242
40 1243
40 1244
40 1245
40 1246
40 1247
41 48
41 113
41 114
41 131
41 132
41 139
41 144
41 145
41 148
41 174
41 175
41 176
41 177
41 185
41 192
41 234
41 257
41 261
41 268
41 270
41 271
41 273
41 329
41 343
41 350
41 370
41 418
41 438
41 454
41 459
41 510
41 570
41 638
41 706
41 737
41 767
41 770
41 792
41 793
41 797
41 863
41 933
41 980
41 1182
41 1194
41 1195
41 1196
41 1197
41 1198
41 1200
41 1201
41 1202
41 1203
41 1204
41 1205
41 1206
41 1207
41 1208
41 1209
41 1210
41 1211
41 1212
41 1213
41 1215
41 1216
41 1217
41 1218
41 1219
42 48
42 113
42 114
42 131
42 132
42 139
42 144
42 145
42 148
42 174
42 175
42 176
42 177
42 185
42 192
42 234
42 257
42 261
42 268
42 270
42 271
42 273
42 329
42 343
42 350
42 370
42 418
42 454
42 459
42 510
42 570
42 638
42 693
42 706
42 737
42 767
42 770
42 792
42 793
42 797
42 863
42 933
42 980
42 1182
42 1194
42 1195
42 1196
42 1197
42 1198
42 1199
42 1200
42 1201
42 1202
42 1203
42 1204
42 1205
42 1206
42 1207
42 1208
42 1209
42 1210
42 1211
42 1212
42 1213
42 1214
42 1215
42 1216
42 1217
42 1218
42 1219
43 47
43 50
43 51
43 52
43 53
43 102
43 122
43 143
43 239
43 271
43 273
43 277
43 368
43 415
43 418
43 453
43 456
43 513
43 726
43 728
43 729
43 730
43 738
43 739
43 773
43 774
43 778
43 815
43 841
43 842
43 882
43 884
43 886
43 887
43 898
43 959
43 960
43 961
43 962
43 964
43 972
43 973
43 980
43 988
43 1048
43 1049
43 1091
43 1386
43 1433
43 1434
43 1435
43 1436
43 1437
44 53
44 57
44 58
44 76
44 78
44 82
44 102
44 125
44 143
44 145
44 146
44 149
44 152
44 153
44 154
44 155
44 238
44 239
44 240
44 277
44 302
44 316
44 427
44 441
44 445
44 446
44 510
44 566
44 579
44 581
44 582
44 583
44 584
44 585
44 594
44 600
44 602
44 603
44 609
44 615
44 616
44 617
44 618
44 620
44 629
44 701
44 703
44 727
44 771
44 775
44 784
44 832
44 833
44 842
44 845
44 858
44 886
44 892
44 904
44 906
44 921
44 924
44 980
44 1036
44 1180
44 1194
44 1234
44 1452
44 1453
44 1454
44 1455
44 1456
45 408
45 448
45 598
45 690
45 691
45 731
45 821
45 1157
45 1158
45 1159
45 1160
45 1161
45 1162
45 1163
45 1164
45 1165
45 1166
45 1241
45 1503
45 1504
46 53
46 75
46 76
46 77
46 102
46 262
46 270
46 368
46 377
46 415
46 453
46 455
46 456
46 569
46 579
46 608
46 609
46 621
46 623
46 627
46 645
46 726
46 775
46 820
46 841
46 842
46 845
46 886
46 914
46 1093
46 1094
46 1427
47 52
47 102
47 313
47 314
47 315
47 476
47 544
47 602
47 608
47 621
47 755
47 815
47 841
47 842
47 922
47 923
47 984
47 1115
48 53
48 54
48 57
48 58
48 76
48 78
48 82
48 102
48 125
48 143
48 145
48 146
48 149
48 152
48 153
48 154
48 155
48 167
48 238
48 239
48 240
48 262
48 277
48 302
48 316
48 318
48 319
48 427
48 430
48 431
48 441
48 446
48 510
48 575
48 579
48 588
48 591
48 592
48 593
48 594
48 597
48 600
48 602
48 603
48 609
48 615
48 616
48 617
48 618
48 620
48 629
48 701
48 703
48 727
48 771
48 775
48 776
48 784
48 822
48 842
48 845
48 858
48 886
48 892
48 904
48 906
48 921
48 924
48 956
48 980
48 1036
48 1180
48 1194
48 1234
48 1452
48 1453
48 1454
48 1455
48 1456
48 1597
49 75
49 76
49 77
49 78
49 98
49 99
49 100
49 101
49 103
49 137
49 473
49 484
49 542
49 548
49 557
49 587
49 727
49 730
49 777
49 879
49 888
49 927
49 1645
50 52
50 64
50 102
50 262
50 441
50 476
50 602
50 608
50 621
50 755
50 815
50 841
50 842
50 922
50 923
50 984
50 1115
50 1656
51 52
51 102
51 476
51 544
51 602
51 608
51 621
51 755
51 759
51 815
51 841
51 842
51 922
51 923
51 984
51 1115
52 53
52 922
52 975
52 984
53 98
53 99
53 100
53 101
53 102
53 103
53 262
53 441
53 476
53 600
53 602
53 608
53 621
53 735
53 755
53 815
53 829
53 841
53 842
53 922
53 923
53 984
53 1115
54 178
54 270
54 560
54 755
54 817
55 102
55 143
55 264
55 280
55 289
55 368
55 414
55 415
55 645
55 897
55 1678
56 143
56 415
56 587
57 601
57 627
57 629
57 726
57 853
57 854
57 974
57 975
57 1117
58 601
58 627
58 629
58 726
58 853
58 854
58 974
58 1117
59 103
59 263
59 355
59 528
59 855
59 862
59 866
59 872
59 953
59 965
59 987
59 988
59 1051
59 1060
59 1708
60 103
60 263
60 355
60 528
60 855
60 862
60 866
60 872
60 953
60 965
60 987
60 988
60 1051
60 1060
60 1708
61 263
61 355
61 528
61 855
61 862
61 866
61 872
61 953
61 965
61 987
61 988
61 1051
61 1060
61 1708
62 75
62 238
62 261
62 262
62 273
62 289
62 369
62 377
62 378
62 440
62 450
62 467
62 510
62 513
62 514
62 515
62 543
62 636
62 695
62 728
62 844
62 848
62 855
62 866
62 1109
62 1110
62 1111
63 476
63 755
64 132
64 438
64 726
65 75
65 238
65 261
65 262
65 273
65 369
65 378
65 440
65 450
65 467
65 510
65 513
65 514
65 515
65 543
65 636
65 844
65 848
65 855
65 866
65 1109
65 1110
65 1111
66 75
66 238
66 261
66 262
66 273
66 369
66 378
66 440
66 450
66 467
66 510
66 513
66 514
66 515
66 543
66 636
66 728
66 844
66 848
66 855
66 866
66 1109
66 1110
66 1111
67 75
67 238
67 261
67 262
67 273
67 369
67 378
67 440
67 450
67 467
67 510
67 513
67 514
67 515
67 543
67 636
67 728
67 844
67 855
67 866
67 1109
67 1110
67 1111
68 262
69 136
69 476
69 755
71 72
71 73
71 74
72 75
72 76
72 77
72 78
72 79
72 80
72 81
72 82
72 83
72 84
72 85
72 86
72 87
72 88
72 89
72 90
73 74
73 83
73 90
73 91
73 92
73 93
73 94
73 95
73 96
74 79
74 80
74 83
74 90
74 97
74 98
74 99
74 100
74 101
74 102
74 103
74 104
74 105
74 106
74 107
74 108
74 109
74 110
74 111
74 112
74 113
74 114
74 115
74 116
74 117
74 118
74 119
74 120
74 121
74 122
75 82
75 100
75 102
75 131
75 138
75 143
75 149
75 191
75 213
75 259
75 260
75 261
75 262
75 263
75 264
75 270
75 271
75 272
75 273
75 280
75 288
75 289
75 291
75 312
75 313
75 317
75 324
75 334
75 340
75 350
75 351
75 352
75 353
75 354
75 360
75 361
75 362
75 365
75 366
75 367
75 368
75 369
75 370
75 371
75 372
75 373
75 374
75 375
75 376
75 377
75 378
75 379
75 380
75 381
75 382
75 383
75 384
75 385
75 386
75 387
75 388
75 391
75 393
75 394
75 395
75 396
75 397
75 398
75 399
75 400
75 401
75 402
75 403
75 404
75 405
75 406
75 407
75 411
75 414
75 415
75 429
75 473
75 545
75 573
75 645
75 724
75 726
75 770
75 783
75 813
75 814
75 815
75 816
75 817
75 818
75 819
75 820
76 82
76 97
76 100
76 102
76 131
76 138
76 143
76 149
76 172
76 178
76 191
76 213
76 224
76 259
76 260
76 261
76 262
76 263
76 264
76 270
76 271
76 272
76 273
76 280
76 288
76 289
76 291
76 312
76 317
76 324
76 334
76 350
76 360
76 361
76 362
76 365
76 366
76 367
76 368
76 369
76 370
76 371
76 372
76 373
76 374
76 375
76 376
76 377
76 378
76 379
76 380
76 381
76 382
76 383
76 384
76 385
76 386
76 387
76 388
76 391
76 393
76 394
76 395
76 396
76 397
76 398
76 399
76 400
76 401
76 402
76 403
76 404
76 405
76 406
76 407
76 414
76 415
76 467
76 473
76 545
76 599
76 601
76 645
76 726
76 770
76 783
76 813
76 814
76 815
76 817
76 819
76 820
76 821
77 82
77 97
77 100
77 102
77 131
77 138
77 143
77 149
77 191
77 213
77 246
77 259
77 260
77 261
77 262
77 263
77 264
77 270
77 271
77 272
77 273
77 280
77 288
77 289
77 291
77 312
77 317
77 324
77 334
77 350
77 351
77 352
77 353
77 354
77 360
77 361
77 362
77 365
77 366
77 367
77 368
77 369
77 370
77 371
77 372
77 373
77 374
77 375
77 376
77 377
77 378
77 379
77 380
77 381
77 382
77 383
77 384
77 385
77 387
77 388
77 391
77 393
77 394
77 395
77 396
77 397
77 398
77 399
77 400
77 401
77 402
77 403
77 404
77 405
77 406
77 407
77 414
77 415
77 441
77 473
77 511
77 512
77 534
77 535
77 545
77 599
77 601
77 645
77 726
77 770
77 776
77 783
77 813
77 814
77 815
77 817
77 819
77 820
77 822
77 823
77 824
77 825
77 826
77 827
77 828
78 82
78 100
78 102
78 131
78 138
78 143
78 149
78 178
78 191
78 213
78 259
78 260
78 261
78 262
78 263
78 264
78 270
78 271
78 272
78 273
78 280
78 288
78 289
78 291
78 312
78 317
78 324
78 334
78 350
78 351
78 352
78 353
78 354
78 360
78 361
78 362
78 363
78 364
78 365
78 366
78 367
78 368
78 369
78 370
78 371
78 372
78 373
78 374
78 375
78 376
78 377
78 378
78 379
78 380
78 381
78 382
78 383
78 384
78 385
78 386
78 387
78 388
78 391
78 393
78 394
78 395
78 396
78 397
78 398
78 399
78 400
78 401
78 402
78 403
78 404
78 405
78 406
78 407
78 414
78 415
78 441
78 473
78 545
78 581
78 582
78 583
78 584
78 585
78 595
78 635
78 645
78 726
78 754
78 757
78 770
78 783
78 813
78 814
78 815
78 817
78 818
78 819
78 820
78 829
78 830
78 831
78 832
78 833
78 834
79 81
79 82
79 93
79 94
79 96
79 117
79 118
79 119
79 239
79 355
79 377
79 528
79 543
79 602
79 608
79 621
79 623
79 636
79 694
79 726
79 730
79 775
79 778
79 813
79 814
79 817
79 843
79 844
79 845
79 848
79 867
79 868
79 869
79 875
79 878
79 886
79 893
79 894
79 895
79 896
79 898
79 899
79 900
79 901
79 902
79 903
79 904
79 905
79 906
79 907
79 908
79 909
79 910
79 911
79 912
79 913
79 914
79 915
79 916
79 917
79 918
79 919
79 920
80 81
80 82
80 93
80 94
80 96
80 117
80 118
80 119
80 239
80 259
80 260
80 261
80 263
80 270
80 355
80 377
80 528
80 543
80 602
80 608
80 621
80 623
80 636
80 694
80 726
80 730
80 775
80 778
80 813
80 814
80 817
80 843
80 844
80 845
80 848
80 867
80 868
80 869
80 875
80 878
80 886
80 893
80 894
80 895
80 896
80 898
80 899
80 900
80 901
80 902
80 903
80 904
80 905
80 906
80 907
80 908
80 909
80 910
80 911
80 912
80 913
80 914
80 915
80 916
80 917
80 918
80 919
80 920
81 102
81 317
81 324
81 711
81 814
81 903
81 914
81 915
81 916
81 917
81 989
81 1055
81 1064
81 1112
81 1139
82 91
82 92
82 102
82 259
82 260
82 261
82 263
82 317
82 324
82 587
82 814
82 854
82 903
82 914
82 915
82 916
82 917
82 974
82 989
82 1064
82 1085
82 1468
84 102
84 903
84 914
84 915
84 916
84 917
84 989
84 1756
84 1757
85 102
85 846
85 850
85 903
85 914
85 915
85 916
85 917
85 989
85 1757
86 903
86 914
86 915
86 916
86 917
86 989
87 903
87 914
87 915
87 916
87 917
87 989
88 102
88 239
88 511
88 512
88 531
88 534
88 535
88 576
88 577
88 849
88 903
88 914
88 915
88 916
88 917
88 989
89 102
89 239
89 511
89 512
89 534
89 535
89 567
89 568
89 903
89 914
89 915
89 916
89 917
89 989
89 1785
91 93
91 102
91 262
91 263
91 272
91 280
91 601
91 634
91 645
91 777
91 817
91 843
91 867
91 883
91 925
91 927
91 981
91 982
92 93
92 102
92 262
92 263
92 272
92 280
92 608
92 634
92 645
92 777
92 817
92 843
92 867
92 883
92 925
92 927
92 981
92 982
92 1286
93 98
93 99
93 100
93 101
93 102
93 103
93 131
93 257
93 258
93 308
93 318
93 319
93 349
93 350
93 351
93 352
93 353
93 354
93 361
93 367
93 377
93 379
93 388
93 421
93 422
93 427
93 430
93 431
93 540
93 566
93 601
93 602
93 608
93 615
93 616
93 617
93 618
93 621
93 643
93 667
93 694
93 716
93 725
93 730
93 781
93 814
93 829
93 836
93 837
93 838
93 839
93 840
93 867
93 871
93 876
93 883
93 921
93 1011
93 1091
93 1105
93 1353
93 1422
93 1423
93 1424
93 1425
93 1426
94 777
94 782
94 877
94 925
94 980
94 1048
94 1049
94 1439
94 1717
96 843
97 132
97 143
97 147
97 236
97 262
97 277
97 316
97 355
97 360
97 368
97 369
97 371
97 377
97 378
97 406
97 415
97 430
97 452
97 510
97 513
97 514
97 515
97 528
97 533
97 540
97 570
97 601
97 603
97 628
97 675
97 694
97 696
97 697
97 718
97 725
97 775
97 813
97 819
97 821
97 852
97 853
97 854
97 855
97 856
97 857
97 858
97 859
97 860
97 861
97 862
98 102
98 122
98 236
98 247
98 270
98 271
98 355
98 358
98 367
98 368
98 422
98 447
98 482
98 510
98 540
98 542
98 597
98 694
98 695
98 705
98 706
98 726
98 727
98 770
98 771
98 772
98 782
98 813
98 817
98 843
98 855
98 866
98 873
98 875
98 892
98 902
98 927
98 931
98 949
98 965
98 982
98 983
98 984
98 985
98 986
98 987
98 988
98 989
98 990
98 991
98 992
98 993
98 994
98 995
98 996
98 997
98 998
98 999
98 1000
99 102
99 122
99 270
99 271
99 355
99 358
99 367
99 368
99 422
99 510
99 540
99 542
99 597
99 704
99 726
99 727
99 770
99 771
99 772
99 782
99 813
99 817
99 843
99 855
99 866
99 873
99 875
99 886
99 892
99 902
99 927
99 931
99 949
99 965
99 982
99 983
99 984
99 985
99 986
99 987
99 988
99 989
99 990
99 994
99 995
99 996
99 997
99 998
99 999
99 1000
100 102
100 122
100 137
100 236
100 247
100 270
100 271
100 355
100 358
100 367
100 368
100 421
100 422
100 482
100 510
100 538
100 539
100 540
100 542
100 587
100 597
100 631
100 632
100 633
100 694
100 695
100 705
100 706
100 726
100 727
100 770
100 771
100 772
100 774
100 779
100 782
100 813
100 817
100 843
100 855
100 866
100 873
100 875
100 886
100 892
100 902
100 927
100 931
100 949
100 965
100 973
100 982
100 983
100 984
100 985
100 986
100 987
100 988
100 989
100 990
100 994
100 995
100 996
100 997
100 998
100 999
100 1000
100 1001
100 1002
100 1003
101 102
101 122
101 262
101 270
101 271
101 355
101 358
101 367
101 368
101 422
101 510
101 540
101 542
101 548
101 578
101 579
101 597
101 605
101 620
101 727
101 770
101 771
101 782
101 813
101 817
101 855
101 866
101 873
101 886
101 902
101 927
101 931
101 949
101 965
101 973
101 982
101 983
101 984
101 986
101 987
101 988
101 989
101 994
101 996
101 998
101 999
102 103
102 104
102 143
102 222
102 236
102 239
102 247
102 259
102 260
102 261
102 262
102 263
102 264
102 270
102 272
102 277
102 280
102 289
102 303
102 308
102 314
102 315
102 318
102 319
102 350
102 351
102 352
102 353
102 354
102 355
102 361
102 367
102 368
102 369
102 377
102 386
102 414
102 415
102 421
102 422
102 482
102 510
102 513
102 528
102 540
102 543
102 563
102 564
102 565
102 569
102 570
102 578
102 586
102 591
102 597
102 599
102 600
102 601
102 602
102 603
102 608
102 621
102 627
102 628
102 629
102 634
102 636
102 645
102 676
102 687
102 694
102 695
102 702
102 703
102 705
102 706
102 716
102 726
102 729
102 730
102 735
102 738
102 739
102 758
102 759
102 770
102 771
102 773
102 774
102 775
102 776
102 777
102 778
102 781
102 782
102 783
102 784
102 790
102 813
102 815
102 817
102 819
102 820
102 821
102 822
102 831
102 841
102 842
102 843
102 844
102 852
102 853
102 854
102 858
102 861
102 862
102 867
102 868
102 869
102 874
102 875
102 878
102 879
102 880
102 881
102 883
102 884
102 888
102 892
102 900
102 902
102 904
102 906
102 908
102 910
102 913
102 918
102 919
102 921
102 922
102 944
102 952
102 955
102 956
102 965
102 971
102 972
102 973
102 974
102 975
102 976
102 980
102 983
102 984
102 986
102 988
102 996
102 1033
102 1034
102 1035
102 1036
102 1037
102 1038
102 1039
102 1040
102 1041
102 1042
102 1043
102 1044
102 1045
102 1046
102 1047
102 1048
102 1049
102 1050
102 1051
102 1052
102 1053
102 1054
102 1055
102 1056
102 1057
102 1058
102 1059
102 1060
103 122
103 271
103 355
103 358
103 368
103 422
103 429
103 510
103 540
103 542
103 727
103 770
103 771
103 782
103 813
103 817
103 855
103 866
103 886
103 902
103 927
103 931
103 965
103 973
103 982
103 983
103 984
103 986
103 987
103 988
103 989
103 994
103 996
103 998
103 999
103 1003
104 452
104 453
104 455
104 456
104 539
104 569
104 570
104 1071
104 1398
105 106
105 120
106 602
106 608
106 621
107 236
107 247
107 351
107 352
107 353
107 354
107 367
107 392
107 482
107 540
107 694
107 695
107 705
107 706
107 1085
108 306
108 441
108 510
108 933
108 1679
108 1680
108 1685
109 306
109 441
109 510
109 933
109 1679
109 1685
110 306
110 441
110 510
110 933
110 1004
110 1005
110 1153
110 1154
110 1155
110 1156
110 1679
110 1685
110 1686
111 306
111 376
111 441
111 510
111 933
111 1679
111 1680
111 1685
111 1686
112 306
112 376
112 441
112 510
112 933
112 1679
112 1680
112 1685
112 1686
113 181
113 182
113 183
113 242
113 243
113 266
113 306
113 321
113 328
113 376
113 441
113 802
113 933
113 1679
113 1680
113 1685
114 181
114 182
114 183
114 242
114 243
114 266
114 306
114 321
114 328
114 441
114 510
114 802
114 933
114 1679
114 1680
114 1681
114 1682
114 1685
114 1686
115 306
115 441
115 510
115 933
115 1679
115 1680
115 1685
116 140
116 234
116 306
116 441
116 510
116 933
116 1679
116 1685
116 1686
117 239
117 814
117 817
117 846
117 850
117 872
117 952
118 239
118 259
118 260
118 261
118 263
118 270
118 814
118 817
118 872
118 952
119 239
119 814
119 817
119 872
119 952
123 124
123 125
123 126
123 127
123 128
123 129
123 130
123 131
123 132
123 133
123 134
124 135
124 136
124 137
125 131
125 133
125 135
125 138
125 139
125 140
125 141
125 142
125 143
125 144
125 145
125 146
125 147
125 148
125 149
125 150
125 151
125 152
125 153
125 154
125 155
125 156
125 157
125 158
125 159
125 160
125 161
125 162
125 163
125 164
125 165
125 166
125 167
125 168
125 169
125 170
125 171
125 172
125 173
125 174
125 175
125 176
125 177
125 178
125 179
125 180
125 181
125 182
125 183
125 184
125 185
125 186
125 187
125 188
125 189
125 190
125 191
125 192
125 193
125 194
125 195
125 196
125 197
125 198
125 199
125 200
125 201
125 202
125 203
125 204
125 205
125 206
125 207
125 208
125 209
125 210
125 211
125 212
125 213
125 214
125 215
125 216
125 217
125 218
125 219
125 220
125 221
125 222
125 223
125 224
125 225
125 226
125 227
126 135
126 139
126 140
126 143
126 145
126 147
126 148
126 153
126 154
126 155
126 156
126 157
126 158
126 159
126 160
126 161
126 162
126 163
126 164
126 165
126 166
126 168
126 169
126 170
126 171
126 172
126 173
126 174
126 175
126 176
126 177
126 179
126 180
126 181
126 182
126 183
126 184
126 185
126 187
126 188
126 191
126 193
126 194
126 195
126 199
126 203
126 204
126 210
126 211
126 213
126 214
126 215
126 216
126 217
126 218
126 219
126 222
126 223
126 225
126 226
126 227
126 228
126 229
126 230
126 231
126 232
127 135
127 138
127 145
127 157
127 168
127 216
127 222
127 223
127 227
127 233
127 234
127 235
127 236
127 237
127 238
127 239
127 240
127 241
127 242
127 243
127 244
127 245
127 246
127 247
127 248
127 249
127 250
127 251
127 252
127 253
128 135
128 138
128 145
128 157
128 168
128 216
128 222
128 223
128 227
128 233
128 234
128 235
128 236
128 237
128 238
128 239
128 240
128 242
128 243
128 244
128 246
128 247
128 248
128 249
128 250
128 251
128 252
128 253
129 135
129 138
129 145
129 157
129 168
129 216
129 222
129 223
129 227
129 233
129 234
129 235
129 236
129 237
129 238
129 239
129 240
129 241
129 242
129 243
129 244
129 246
129 247
129 248
129 249
129 250
129 251
129 252
129 253
129 254
130 135
130 138
130 145
130 157
130 168
130 211
130 216
130 222
130 223
130 227
130 233
130 234
130 235
130 236
130 237
130 238
130 239
130 240
130 242
130 243
130 246
130 247
130 248
130 249
130 250
130 252
130 253
130 255
131 132
131 135
131 137
131 140
131 141
131 142
131 147
131 154
131 183
131 194
131 208
131 211
131 216
131 227
131 234
131 256
131 257
131 258
131 259
131 260
131 261
131 262
131 263
131 264
131 265
131 266
131 267
131 268
131 269
131 270
131 271
131 272
131 273
131 274
131 275
131 276
131 277
131 278
131 279
131 280
131 281
131 282
131 283
131 284
131 285
131 286
131 287
131 288
131 289
131 290
131 291
131 292
131 293
131 294
131 295
131 296
131 297
131 298
131 299
131 300
132 133
132 135
132 136
132 138
132 140
132 141
132 142
132 143
132 144
132 145
132 146
132 147
132 148
132 149
132 151
132 152
132 153
132 154
132 155
132 156
132 157
132 158
132 159
132 160
132 161
132 162
132 163
132 164
132 165
132 166
132 167
132 168
132 169
132 170
132 171
132 172
132 173
132 174
132 175
132 176
132 177
132 179
132 180
132 181
132 182
132 183
132 184
132 185
132 187
132 188
132 191
132 192
132 193
132 194
132 195
132 199
132 200
132 201
132 202
132 203
132 204
132 205
132 206
132 207
132 208
132 209
132 211
132 212
132 213
132 214
132 215
132 216
132 217
132 218
132 219
132 220
132 221
132 222
132 223
132 224
132 225
132 226
132 227
132 229
132 235
132 265
132 266
132 267
132 276
132 301
132 302
132 303
132 304
132 305
132 306
132 307
132 308
132 309
132 310
132 311
132 312
132 313
132 314
132 315
132 316
132 317
132 318
132 319
132 320
132 321
132 322
132 323
132 324
132 325
132 326
132 327
132 328
132 329
132 330
132 331
132 332
132 333
132 334
132 335
132 336
132 337
132 338
132 339
132 340
132 341
132 342
132 343
132 344
132 345
132 346
132 347
132 348
132 349
133 179
133 180
133 1375
133 1735
134 135
134 136
134 137
134 216
134 1020
136 173
136 350
136 351
136 352
136 353
136 354
136 355
136 356
136 357
136 358
136 359
137 138
137 139
137 143
137 149
137 191
137 213
137 246
137 273
137 280
137 288
137 289
137 291
137 312
137 316
137 317
137 324
137 334
137 350
137 360
137 361
137 362
137 363
137 364
137 365
137 366
137 367
137 368
137 369
137 370
137 371
137 372
137 373
137 374
137 375
137 376
137 377
137 378
137 379
137 380
137 381
137 382
137 383
137 384
137 385
137 386
137 387
137 388
137 389
137 390
137 391
137 392
137 393
137 394
137 395
137 396
137 397
137 398
137 399
137 400
137 401
137 402
137 403
137 404
137 405
137 406
137 407
137 408
137 409
137 410
137 411
138 151
138 167
138 229
138 257
138 258
138 381
138 384
138 441
138 510
138 567
138 568
138 600
138 635
138 643
138 757
138 836
138 837
138 838
138 839
138 1006
138 1007
138 1008
138 1148
138 1149
138 1150
138 1151
138 1152
139 144
139 149
139 159
139 173
139 176
139 181
139 182
139 183
139 184
139 192
139 214
139 218
139 223
139 236
139 240
139 248
139 266
139 276
139 310
139 321
139 328
139 353
139 420
139 459
139 746
139 1017
139 1180
139 1186
139 1187
139 1188
139 1189
139 1190
139 1191
139 1192
140 145
140 147
140 173
140 194
140 229
140 305
140 316
140 360
140 428
140 438
140 442
140 443
140 444
140 471
140 511
140 512
140 534
140 535
140 536
140 537
140 561
140 562
140 649
140 680
140 681
140 689
140 734
140 740
140 741
140 742
140 762
140 771
140 792
140 793
140 958
140 986
140 987
140 1005
140 1010
140 1017
140 1096
140 1097
140 1098
140 1099
140 1100
140 1101
140 1102
140 1156
140 1180
140 1181
140 1182
140 1187
140 1209
140 1260
140 1271
140 1285
140 1295
140 1296
140 1304
140 1305
140 1306
140 1307
140 1308
140 1309
140 1310
140 1311
140 1312
140 1313
140 1314
140 1315
140 1316
140 1317
140 1318
140 1319
140 1320
141 189
141 190
141 196
141 265
141 268
141 290
141 438
141 1066
141 1079
141 1321
141 1322
141 1323
141 1324
142 189
142 190
142 196
142 265
142 268
142 290
142 438
142 734
142 740
142 741
142 742
142 749
142 1066
142 1079
142 1321
142 1322
142 1323
142 1324
142 1326
142 1327
143 145
143 235
143 236
143 245
143 247
143 262
143 275
143 304
143 311
143 318
143 319
143 330
143 367
143 377
143 384
143 385
143 413
143 421
143 422
143 427
143 444
143 475
143 482
143 483
143 484
143 509
143 540
143 541
143 558
143 581
143 582
143 583
143 584
143 585
143 586
143 587
143 602
143 613
143 615
143 616
143 617
143 618
143 644
143 694
143 695
143 705
143 706
143 727
143 762
143 776
143 822
143 929
143 930
143 945
143 955
143 975
143 1061
143 1062
143 1080
143 1096
143 1169
143 1362
143 1397
143 1398
143 1399
144 156
144 157
144 158
144 159
144 161
144 181
144 182
144 183
144 228
144 242
144 243
144 266
144 321
144 328
144 737
144 802
144 1188
145 150
145 155
145 173
145 178
145 181
145 182
145 183
145 222
145 229
145 234
145 235
145 242
145 243
145 260
145 266
145 321
145 328
145 351
145 352
145 353
145 354
145 358
145 673
145 743
145 762
145 773
145 800
145 801
145 802
145 803
145 804
145 805
145 806
145 807
145 808
145 809
145 810
145 811
145 812
145 1175
145 1190
145 1224
145 1307
145 1323
146 178
146 244
146 248
146 302
146 437
146 451
146 454
146 480
146 595
146 640
146 1029
146 1173
146 1174
146 1180
146 1193
146 1383
146 1516
146 1517
146 1518
146 1519
146 1520
146 1521
147 155
147 167
147 224
147 234
147 275
147 303
147 326
147 444
147 451
147 453
147 468
147 469
147 541
147 1062
147 1137
147 1138
147 1187
147 1190
148 159
148 160
148 161
148 182
148 183
148 229
148 237
148 244
148 266
148 370
148 373
148 746
148 1173
148 1174
148 1186
148 1187
148 1188
148 1217
148 1219
148 1220
149 150
149 178
149 318
149 319
149 413
149 438
149 929
149 930
149 945
150 152
150 153
150 154
150 155
150 1180
150 1194
150 1454
150 1572
151 438
151 818
151 1170
152 167
152 178
152 318
152 319
152 530
152 641
153 178
154 167
154 178
154 224
154 267
154 1465
155 173
155 178
155 194
155 229
155 1017
155 1096
155 1180
155 1187
155 1209
155 1213
155 1306
155 1307
155 1308
155 1309
155 1310
155 1311
155 1312
155 1313
155 1589
155 1590
156 158
156 159
156 160
156 161
156 192
156 1187
156 1189
156 1594
157 158
157 159
157 160
157 161
157 192
157 1187
157 1188
157 1189
157 1594
158 192
158 248
158 454
158 1187
158 1188
158 1189
158 1594
159 192
159 248
159 454
159 737
159 1187
159 1188
159 1189
159 1594
160 192
160 248
160 454
160 1187
160 1188
160 1189
160 1594
161 192
161 248
161 454
161 1187
161 1188
161 1189
161 1594
162 163
162 368
163 164
163 165
163 166
163 167
163 168
163 169
163 170
163 171
163 172
163 173
163 229
163 235
163 278
163 279
163 306
163 320
163 351
163 352
163 353
163 354
163 371
163 372
163 379
163 576
163 577
163 1009
163 1010
163 1187
163 1232
163 1253
163 1282
163 1494
163 1503
163 1578
164 368
165 368
165 1187
166 167
166 368
166 1187
167 169
167 170
167 178
167 179
167 180
167 202
167 209
167 257
167 271
167 274
167 279
167 318
167 319
167 349
167 428
167 430
167 438
167 441
167 452
167 482
167 517
167 530
167 601
167 651
167 668
167 754
167 1020
167 1134
167 1135
167 1232
167 1240
167 1445
167 1603
167 1604
167 1605
167 1606
167 1607
168 368
168 438
168 1187
169 368
169 1187
170 368
170 1187
171 368
171 389
171 1187
172 279
172 1613
172 1614
173 184
173 188
173 193
173 234
173 1190
174 181
174 182
174 183
174 266
174 321
174 328
174 1633
174 1638
174 1639
174 1640
174 1641
174 1642
174 1643
174 1644
175 181
175 182
175 183
175 266
175 321
175 328
175 1633
175 1638
175 1639
175 1640
175 1641
175 1642
175 1643
175 1644
176 181
176 182
176 183
176 266
176 321
176 328
176 1633
176 1638
176 1639
176 1640
176 1641
176 1642
176 1643
176 1644
177 181
177 182
177 183
177 266
177 321
177 328
177 329
177 1578
177 1633
177 1638
177 1639
177 1640
177 1641
177 1642
177 1643
177 1644
178 179
178 180
178 238
178 239
178 240
178 277
178 302
178 316
178 427
178 510
178 600
178 602
178 727
178 771
178 924
178 1036
178 1085
178 1180
178 1194
178 1234
178 1452
178 1453
178 1454
179 367
179 663
179 1024
179 1175
179 1668
179 1669
180 367
180 663
180 1024
180 1175
180 1669
181 185
181 192
181 261
181 329
181 418
181 638
181 737
181 792
181 793
181 797
181 933
181 1182
181 1194
181 1195
181 1196
181 1197
181 1198
181 1200
181 1201
181 1202
181 1203
181 1204
181 1205
181 1206
181 1207
181 1208
181 1209
182 185
182 192
182 223
182 261
182 267
182 329
182 370
182 418
182 638
182 737
182 792
182 793
182 797
182 933
182 1182
182 1194
182 1195
182 1196
182 1197
182 1198
182 1200
182 1201
182 1202
182 1203
182 1204
182 1205
182 1206
182 1207
182 1208
182 1209
182 1691
183 185
183 192
183 257
183 261
183 329
183 370
183 418
183 638
183 737
183 792
183 793
183 797
183 933
183 1182
183 1194
183 1195
183 1196
183 1197
183 1198
183 1200
183 1201
183 1202
183 1203
183 1204
183 1205
183 1206
183 1207
183 1208
183 1209
183 1210
183 1211
183 1212
183 1213
183 1217
183 1218
183 1219
183 1430
183 1692
184 194
184 329
184 601
184 1187
184 1209
184 1306
184 1307
184 1308
184 1578
185 266
185 321
185 328
186 187
186 188
186 669
186 670
186 671
186 1015
186 1171
186 1339
186 1340
186 1341
186 1698
186 1699
186 1700
187 189
187 190
187 196
187 197
187 1701
188 189
188 190
188 196
188 197
188 1701
189 669
189 670
189 671
189 736
189 749
189 1015
189 1171
189 1173
189 1325
189 1339
189 1340
189 1341
189 1698
189 1699
189 1700
190 669
190 670
190 671
190 736
190 749
190 1015
190 1171
190 1173
190 1339
190 1340
190 1341
190 1698
190 1699
190 1700
191 361
191 421
191 422
191 427
191 452
191 517
191 615
191 616
191 617
191 618
191 776
191 822
191 1661
191 1662
192 242
192 243
192 266
192 321
192 328
192 737
192 802
192 1188
193 194
193 229
193 1187
193 1209
193 1306
193 1307
193 1308
193 1309
193 1310
193 1311
193 1312
193 1313
194 229
194 234
194 1190
195 223
195 318
195 357
195 358
195 769
196 669
196 670
196 671
196 736
196 749
196 1015
196 1171
196 1173
196 1325
196 1339
196 1340
196 1341
196 1698
196 1699
196 1700
197 669
197 670
197 671
197 1015
197 1171
197 1339
197 1340
197 1341
197 1698
197 1699
197 1700
203 1187
204 1187
205 1187
205 1623
206 1187
206 1623
207 1187
207 1623
208 275
208 311
208 734
208 742
208 1096
210 306
210 1187
210 1194
210 1759
213 314
213 315
213 423
213 430
213 431
213 945
213 1530
213 1661
213 1662
214 244
214 250
214 351
214 352
214 353
214 354
214 656
214 1483
214 1519
214 1771
217 413
218 248
218 454
218 1187
218 1192
218 1210
218 1221
218 1222
218 1567
218 1569
218 1570
219 354
222 510
224 454
225 306
225 1187
225 1194
225 1759
226 229
226 318
226 319
226 413
226 1187
228 644
228 760
228 1410
228 1411
228 1412
228 1413
229 258
229 260
229 289
229 318
229 321
229 353
229 418
229 812
229 1204
229 1219
229 1306
230 358
230 737
230 1179
230 1722
231 358
231 1179
231 1722
233 637
233 638
233 642
234 266
234 305
234 316
234 360
234 379
234 428
234 438
234 442
234 443
234 444
234 471
234 511
234 512
234 530
234 534
234 535
234 536
234 537
234 561
234 562
234 641
234 649
234 680
234 681
234 689
234 734
234 740
234 741
234 742
234 762
234 771
234 986
234 987
234 1005
234 1010
234 1017
234 1096
234 1097
234 1098
234 1099
234 1100
234 1101
234 1102
234 1156
234 1180
234 1181
234 1182
234 1209
234 1260
234 1271
234 1285
234 1295
234 1296
234 1306
234 1307
234 1308
234 1309
234 1310
234 1311
234 1312
234 1313
234 1314
234 1315
234 1316
235 266
235 307
235 316
235 348
235 369
235 394
235 441
235 511
235 512
235 534
235 535
235 818
235 1270
235 1277
235 1282
235 1353
236 259
236 260
236 261
236 262
236 263
236 264
236 280
236 289
236 360
236 361
236 368
236 386
236 414
236 415
236 421
236 422
236 430
236 431
236 444
236 447
236 449
236 453
236 455
236 456
236 475
236 481
236 485
236 486
236 538
236 539
236 567
236 568
236 585
236 599
236 645
236 690
236 691
236 730
236 817
236 829
236 929
236 930
236 936
236 1061
236 1062
236 1080
236 1367
237 244
237 351
237 352
237 353
237 354
237 457
237 458
237 459
237 826
237 1173
237 1174
237 1249
237 1250
237 1358
237 1383
237 1384
237 1430
238 302
238 314
238 315
238 360
238 363
238 364
238 421
238 422
238 444
238 447
238 501
238 503
238 510
238 513
238 533
238 547
238 567
238 568
238 587
238 601
238 602
238 608
238 621
238 639
238 642
238 707
238 708
238 712
238 721
238 818
238 976
238 1004
238 1005
238 1111
238 1153
238 1154
238 1155
238 1156
238 1170
238 1173
238 1174
238 1186
238 1460
238 1461
238 1462
238 1463
238 1464
238 1465
239 418
239 511
239 512
239 534
239 535
239 569
239 570
239 846
239 850
239 886
239 905
239 955
239 970
239 1183
239 1185
239 1225
239 1330
239 1332
239 1438
239 1557
239 1558
239 1559
239 1560
239 1561
239 1562
239 1563
239 1564
239 1565
240 278
240 279
240 301
240 302
240 310
240 363
240 364
240 435
240 436
240 437
240 440
240 444
240 450
240 459
240 479
240 510
240 513
240 514
240 515
240 601
240 636
240 639
240 818
240 1170
240 1173
240 1174
240 1186
240 1460
240 1461
240 1462
240 1566
241 1600
242 245
242 418
242 737
242 792
242 793
242 797
242 933
242 1182
242 1200
242 1201
242 1202
242 1208
242 1209
242 1600
243 245
243 418
243 737
243 792
243 793
243 797
243 933
243 1182
243 1200
243 1201
243 1202
243 1208
243 1209
243 1600
244 248
244 351
244 352
244 353
244 354
244 370
244 373
244 454
244 746
244 1180
244 1192
244 1193
244 1219
244 1220
244 1520
244 1567
245 310
245 321
245 734
245 741
245 742
245 802
245 1616
245 1650
245 1651
245 1652
246 823
246 824
246 825
247 259
247 260
247 261
247 262
247 263
247 264
247 267
247 280
247 289
247 313
247 360
247 361
247 368
247 379
247 386
247 414
247 415
247 421
247 422
247 430
247 431
247 444
247 447
247 449
247 453
247 455
247 456
247 457
247 458
247 475
247 481
247 485
247 486
247 487
247 488
247 489
247 538
247 539
247 561
247 562
247 573
247 585
247 645
247 690
247 691
247 730
247 817
247 829
247 936
247 1062
247 1080
247 1167
248 310
248 351
248 352
248 353
248 354
248 459
248 737
248 1173
248 1174
248 1217
249 306
249 320
249 333
249 679
249 1009
249 1010
249 1019
249 1253
249 1256
249 1257
249 1709
249 1710
249 1711
249 1712
249 1713
249 1714
250 255
250 980
255 1483
255 1614
256 257
256 258
256 360
256 434
256 530
256 641
257 266
257 281
257 288
257 300
257 303
257 308
257 314
257 315
257 316
257 326
257 331
257 347
257 348
257 349
257 363
257 382
257 383
257 480
257 530
257 641
257 642
257 643
257 644
257 645
257 646
257 647
257 648
257 649
257 650
257 651
257 652
257 653
257 654
257 655
257 656
257 657
257 658
257 659
257 660
257 661
257 662
257 663
257 664
257 665
257 666
257 667
257 668
258 281
258 288
258 300
258 303
258 308
258 316
258 326
258 331
258 347
258 348
258 349
258 363
258 382
258 383
258 480
258 530
258 641
258 642
258 643
258 644
258 645
258 646
258 647
258 648
258 649
258 650
258 651
258 655
258 656
258 657
258 658
258 659
258 660
258 661
258 662
258 663
258 664
258 665
258 666
258 667
258 668
258 669
258 670
258 671
258 672
259 367
259 377
259 438
259 441
259 470
259 482
259 511
259 512
259 534
259 535
259 540
259 543
259 561
259 562
259 586
259 590
259 602
259 608
259 621
259 694
259 695
259 705
259 706
259 726
259 773
259 813
259 817
259 843
259 844
259 845
259 872
259 886
259 929
259 930
259 931
259 932
259 933
259 934
259 935
259 936
259 937
259 938
259 939
259 940
259 941
259 942
259 943
259 944
259 945
259 946
259 947
259 948
259 949
259 950
259 951
259 952
259 953
260 267
260 350
260 367
260 377
260 470
260 482
260 511
260 512
260 534
260 535
260 540
260 543
260 561
260 562
260 581
260 582
260 583
260 584
260 586
260 600
260 602
260 608
260 621
260 694
260 695
260 705
260 706
260 726
260 735
260 773
260 776
260 813
260 817
260 821
260 822
260 843
260 844
260 845
260 872
260 886
260 931
260 932
260 933
260 934
260 935
260 937
260 938
260 939
260 940
260 941
260 942
260 943
260 944
260 945
260 946
260 947
260 949
260 950
260 951
260 952
260 953
260 954
260 955
260 956
260 957
260 958
260 959
260 960
260 961
260 962
260 963
260 964
261 266
261 267
261 321
261 367
261 377
261 411
261 441
261 482
261 531
261 540
261 543
261 586
261 602
261 608
261 621
261 694
261 695
261 705
261 706
261 726
261 773
261 813
261 814
261 817
261 840
261 843
261 844
261 845
261 846
261 850
261 867
261 868
261 869
261 872
261 886
261 931
261 932
261 933
261 934
261 935
261 937
261 939
261 940
261 941
261 942
261 943
261 944
261 945
261 949
261 950
261 951
261 952
261 953
261 957
261 960
261 961
261 962
261 964
262 263
262 264
262 270
262 277
262 317
262 324
262 350
262 358
262 367
262 368
262 386
262 414
262 415
262 421
262 422
262 438
262 482
262 540
262 543
262 556
262 569
262 572
262 579
262 580
262 600
262 602
262 603
262 606
262 607
262 608
262 621
262 627
262 645
262 694
262 695
262 701
262 702
262 705
262 706
262 735
262 774
262 776
262 777
262 782
262 784
262 788
262 813
262 817
262 821
262 822
262 830
262 856
262 866
262 872
262 873
262 883
262 884
262 888
262 892
262 925
262 927
262 944
262 956
262 970
262 971
262 972
262 973
262 974
262 975
262 976
262 977
262 978
262 979
262 980
262 981
262 982
263 267
263 367
263 377
263 438
263 482
263 540
263 543
263 545
263 561
263 562
263 563
263 564
263 565
263 586
263 600
263 602
263 608
263 621
263 694
263 695
263 705
263 706
263 726
263 734
263 735
263 740
263 741
263 742
263 773
263 813
263 817
263 821
263 834
263 843
263 844
263 845
263 872
263 886
263 931
263 932
263 933
263 937
263 940
263 941
263 942
263 943
263 944
263 949
263 950
263 951
263 952
263 953
263 963
263 1064
263 1080
263 1081
263 1082
263 1083
264 314
264 315
264 318
264 319
264 367
264 377
264 384
264 385
264 427
264 438
264 441
264 447
264 466
264 467
264 475
264 482
264 483
264 484
264 540
264 586
264 613
264 615
264 616
264 617
264 618
264 694
264 695
264 705
264 706
264 776
264 822
264 835
264 936
264 956
264 975
264 1061
264 1062
265 305
265 438
265 492
265 734
265 740
265 741
265 742
265 745
265 754
265 757
265 769
266 268
266 270
266 271
266 273
266 329
266 343
266 350
266 370
266 407
266 418
266 454
266 459
266 510
266 570
266 638
266 706
266 737
266 767
266 792
266 793
266 797
266 847
266 863
266 933
266 980
266 1182
266 1194
266 1195
266 1196
266 1197
266 1198
266 1199
266 1200
266 1201
266 1202
266 1203
266 1204
266 1205
266 1206
266 1207
266 1208
266 1209
266 1210
266 1211
266 1212
266 1213
266 1214
266 1215
266 1216
266 1217
266 1218
266 1219
267 277
267 725
267 730
267 1140
268 305
268 438
268 441
269 360
269 691
269 693
270 308
270 377
270 429
270 563
270 564
270 565
270 586
270 587
270 590
270 600
270 602
270 604
270 608
270 621
270 635
270 652
270 653
270 654
270 726
270 735
270 773
270 817
270 823
270 824
270 825
270 829
270 843
270 845
270 872
270 886
270 931
270 933
270 934
270 935
270 943
270 944
270 949
270 963
270 1470
270 1471
270 1472
271 350
271 351
271 352
271 353
271 354
271 386
271 421
271 422
271 441
271 470
271 570
271 586
271 590
271 726
271 773
271 823
271 824
271 825
271 843
271 872
271 929
271 930
271 931
271 933
271 934
271 935
271 944
271 946
271 947
271 949
271 1033
271 1400
271 1473
271 1474
271 1475
271 1476
271 1477
272 351
272 352
272 353
272 354
272 470
272 531
272 561
272 562
272 586
272 726
272 773
272 777
272 782
272 843
272 872
272 931
272 933
272 934
272 935
272 938
272 944
272 945
272 949
272 963
272 1473
272 1474
272 1478
272 1479
272 1480
272 1481
272 1482
272 1483
273 386
273 411
273 438
273 586
273 590
273 613
273 726
273 764
273 773
273 843
273 872
273 877
273 929
273 930
273 931
273 933
273 934
273 935
273 944
273 947
273 949
273 957
273 963
273 1065
273 1484
274 275
274 438
274 444
274 451
274 453
274 468
274 469
274 590
274 970
274 1062
274 1096
274 1137
274 1138
275 276
275 309
275 310
275 334
275 350
275 399
275 453
275 455
275 456
275 459
275 480
275 487
275 488
275 489
275 510
275 536
275 537
275 538
275 539
275 648
275 675
275 970
275 1001
275 1117
275 1167
275 1171
275 1532
275 1533
276 305
276 821
276 1096
276 1534
276 1535
276 1536
276 1537
276 1538
276 1539
276 1540
276 1541
276 1542
276 1543
276 1544
276 1545
276 1546
276 1547
277 314
277 315
277 764
277 781
277 821
277 878
277 980
278 299
278 310
278 311
278 317
278 318
278 319
278 379
278 428
278 452
278 459
278 517
278 686
278 727
278 1191
278 1282
278 1494
279 299
279 310
279 311
279 313
279 317
279 318
279 319
279 379
279 389
279 428
279 452
279 459
279 517
279 686
279 727
279 1191
279 1282
279 1494
279 1610
280 367
280 377
280 384
280 385
280 413
280 453
280 455
280 456
280 482
280 483
280 484
280 540
280 569
280 586
280 602
280 694
280 695
280 705
280 706
280 826
280 828
280 975
280 1232
280 1397
281 283
281 294
281 295
281 296
281 642
281 677
281 734
281 740
281 741
281 742
281 797
281 798
281 799
282 283
282 294
282 295
282 296
283 284
283 285
283 286
283 287
283 647
283 1454
284 294
284 295
284 296
285 294
285 295
285 296
286 294
286 295
286 296
287 294
287 295
287 296
288 316
288 355
288 359
288 762
288 769
288 1284
288 1435
288 1707
289 318
289 319
289 367
289 377
289 384
289 385
289 413
289 430
289 431
289 453
289 455
289 456
289 482
289 483
289 484
289 540
289 586
289 602
289 648
289 694
289 695
289 705
289 706
289 745
289 854
289 890
289 891
289 974
289 975
289 1117
289 1171
289 1294
290 305
290 351
290 379
290 438
290 734
290 740
290 741
290 742
290 749
291 360
292 734
292 740
292 741
292 742
293 764
294 647
294 1454
295 647
295 1454
296 647
296 1454
298 360
298 693
298 759
299 1004
299 1005
299 1153
299 1154
299 1155
299 1156
300 677
301 310
301 360
301 433
301 440
301 450
301 452
301 459
301 479
301 492
301 510
301 511
301 512
301 513
301 514
301 515
301 516
301 517
301 518
301 519
301 520
301 521
301 522
301 523
301 524
301 525
301 526
301 527
301 528
301 529
301 530
302 310
302 357
302 358
302 360
302 433
302 440
302 450
302 451
302 452
302 459
302 479
302 480
302 492
302 510
302 511
302 512
302 513
302 514
302 515
302 516
302 517
302 518
302 519
302 520
302 521
302 522
302 523
302 524
302 525
302 526
302 527
302 528
302 529
302 595
302 601
302 636
302 637
302 638
302 639
302 640
303 310
303 350
303 379
303 452
303 468
303 636
303 730
303 813
303 863
303 864
303 865
304 350
304 379
304 411
304 603
304 764
304 851
304 980
305 345
305 438
305 625
305 630
305 1065
305 1325
306 438
306 734
306 740
306 741
306 742
306 1182
306 1200
306 1208
306 1251
306 1252
306 1283
306 1336
306 1337
306 1338
306 1339
306 1340
306 1341
306 1342
306 1343
306 1344
306 1345
307 348
307 441
307 745
308 471
308 540
308 695
308 774
308 778
308 882
308 921
308 1105
309 311
309 372
309 451
309 730
309 1096
309 1128
309 1129
309 1130
309 1131
309 1132
309 1133
310 311
310 326
310 329
310 332
310 435
310 436
310 437
310 451
310 452
310 454
310 480
310 517
310 530
310 601
310 640
310 641
310 648
310 673
310 689
310 818
310 1096
310 1170
310 1171
310 1173
310 1174
310 1193
310 1206
310 1207
310 1239
310 1525
310 1526
310 1527
310 1528
311 313
311 334
311 350
311 429
311 459
311 480
311 510
311 675
311 1532
311 1533
312 368
312 414
312 602
312 608
312 686
312 700
312 741
312 746
312 761
312 817
312 818
312 1048
312 1170
312 1182
312 1248
312 1359
312 1575
313 340
313 388
313 440
313 450
313 482
313 540
313 587
313 730
313 755
313 780
313 818
313 1170
313 1326
313 1327
313 1573
313 1574
314 350
314 415
314 441
314 509
314 599
314 602
314 638
314 725
314 727
314 730
314 1222
314 1281
315 350
315 415
315 438
315 509
315 602
315 638
315 668
315 690
315 691
315 725
315 727
315 730
315 1222
315 1281
316 379
316 601
316 727
316 1005
316 1065
316 1105
316 1153
316 1154
316 1155
316 1156
316 1282
316 1353
316 1446
316 1494
317 350
317 361
317 395
317 430
317 431
317 594
317 730
317 776
317 822
317 875
317 956
317 983
317 1005
317 1056
317 1153
317 1154
317 1155
317 1156
317 1446
317 1584
317 1585
318 360
318 388
318 418
318 452
318 530
318 641
318 673
318 689
318 755
318 767
318 958
318 1004
318 1005
318 1082
318 1153
318 1154
318 1155
318 1156
318 1199
318 1206
318 1207
318 1208
318 1214
318 1215
318 1230
318 1282
318 1575
319 360
319 418
319 530
319 767
319 1206
319 1207
319 1208
319 1214
319 1215
319 1230
319 1575
320 734
320 740
320 741
320 742
321 329
321 418
321 638
321 737
321 792
321 793
321 797
321 933
321 1182
321 1194
321 1195
321 1196
321 1197
321 1198
321 1200
321 1201
321 1202
321 1203
321 1204
321 1205
321 1206
321 1207
321 1208
321 1209
321 1616
321 1617
322 522
322 523
322 1289
322 1291
322 1670
322 1671
323 522
323 523
323 734
323 740
323 741
323 742
323 1289
323 1291
323 1670
323 1671
323 1672
323 1673
324 395
324 594
324 730
324 875
324 983
324 1056
325 430
325 431
325 444
325 449
325 481
325 485
325 486
325 734
325 740
325 741
325 742
325 875
325 1041
325 1043
326 530
326 636
326 730
326 864
326 865
326 1097
326 1098
326 1099
326 1100
326 1101
327 429
327 521
327 522
327 523
328 329
328 418
328 638
328 737
328 792
328 793
328 797
328 933
328 1182
328 1194
328 1195
328 1196
328 1197
328 1198
328 1200
328 1201
328 1202
328 1203
328 1204
328 1205
328 1206
328 1207
328 1208
328 1209
329 737
331 438
331 480
331 530
331 641
331 677
331 1180
332 369
332 921
333 734
333 740
333 741
333 742
333 1672
333 1673
334 368
334 487
334 488
334 489
334 607
334 645
334 676
334 701
334 702
334 703
334 745
334 776
334 822
334 856
334 1084
334 1096
334 1167
335 1672
335 1673
338 1064
340 780
341 480
341 1180
344 363
344 364
344 457
344 458
345 351
345 352
345 353
345 354
345 1282
345 1494
346 522
346 523
346 1289
346 1291
346 1670
346 1671
346 1672
346 1673
346 1721
348 690
348 691
348 744
349 1011
350 359
350 367
350 377
350 379
350 427
350 438
350 440
350 449
350 451
350 452
350 492
350 510
350 636
350 649
350 681
350 695
350 726
350 727
350 755
350 813
350 822
350 938
350 983
350 1011
350 1049
350 1074
350 1096
350 1097
350 1098
350 1099
350 1100
350 1101
350 1102
350 1103
350 1104
350 1105
350 1106
350 1107
350 1108
351 357
351 428
351 440
351 468
351 528
351 559
351 638
351 673
351 694
351 727
351 730
351 746
351 758
351 778
351 1093
351 1126
351 1140
351 1207
351 1210
351 1220
351 1221
351 1222
351 1223
351 1224
351 1225
351 1226
352 357
352 428
352 440
352 468
352 528
352 559
352 638
352 673
352 694
352 727
352 730
352 746
352 758
352 778
352 1093
352 1126
352 1140
352 1207
352 1210
352 1220
352 1221
352 1222
352 1223
352 1224
352 1225
352 1226
353 357
353 381
353 428
353 440
353 468
353 528
353 559
353 638
353 673
353 694
353 727
353 730
353 746
353 758
353 778
353 1093
353 1126
353 1140
353 1207
353 1210
353 1220
353 1221
353 1222
353 1223
353 1224
353 1225
353 1226
354 357
354 381
354 428
354 440
354 468
354 528
354 559
354 638
354 673
354 687
354 694
354 727
354 730
354 746
354 758
354 778
354 1093
354 1126
354 1140
354 1207
354 1210
354 1220
354 1221
354 1222
354 1223
354 1224
354 1225
354 1226
354 1227
355 356
355 359
355 378
355 501
355 533
355 561
355 562
355 587
355 620
355 771
355 936
355 986
355 987
355 988
355 991
355 992
355 993
355 994
356 359
356 492
356 643
356 675
356 702
356 755
356 836
356 837
356 838
356 839
357 437
357 561
357 562
357 1603
357 1608
357 1690
357 1696
357 1721
358 437
358 476
358 544
358 561
358 562
358 637
358 638
358 737
358 771
358 855
358 866
358 954
358 986
358 987
358 1603
358 1608
358 1690
358 1696
358 1721
359 391
359 643
359 836
359 837
359 838
359 839
360 361
360 367
360 391
360 421
360 422
360 435
360 436
360 437
360 442
360 443
360 470
360 476
360 482
360 507
360 508
360 510
360 513
360 519
360 520
360 538
360 539
360 540
360 541
360 558
360 561
360 562
360 599
360 607
360 636
360 642
360 673
360 676
360 689
360 690
360 691
360 692
360 693
360 694
360 695
360 696
360 697
360 698
360 699
360 700
360 701
360 702
360 703
360 704
360 705
360 706
360 707
360 708
360 709
360 710
360 711
360 712
360 713
360 714
360 715
360 716
360 717
360 718
360 719
360 720
360 721
360 722
360 723
360 724
361 363
361 364
361 367
361 369
361 377
361 391
361 430
361 469
361 473
361 482
361 492
361 511
361 512
361 514
361 534
361 535
361 539
361 540
361 569
361 600
361 603
361 694
361 695
361 705
361 706
361 727
361 729
361 732
361 733
361 757
361 762
361 770
361 771
361 773
361 774
361 775
361 776
361 777
361 778
361 779
361 780
361 783
361 784
361 785
361 786
361 787
361 788
361 789
361 790
361 795
361 796
362 642
362 797
362 798
362 799
363 369
363 1275
363 1328
363 1329
364 369
364 1275
364 1328
364 1329
365 442
365 443
365 507
365 508
365 598
365 1078
365 1128
365 1129
365 1130
365 1131
365 1132
365 1133
366 423
366 424
367 368
367 414
367 415
367 421
367 422
367 430
367 431
367 438
367 444
367 447
367 449
367 453
367 455
367 456
367 475
367 481
367 485
367 486
367 538
367 539
367 581
367 582
367 583
367 584
367 585
367 645
367 690
367 691
367 730
367 817
367 829
367 899
367 936
367 1061
367 1062
367 1080
368 377
368 380
368 384
368 385
368 400
368 413
368 427
368 438
368 441
368 453
368 455
368 456
368 460
368 461
368 462
368 463
368 482
368 483
368 484
368 506
368 524
368 533
368 540
368 586
368 587
368 599
368 602
368 615
368 616
368 617
368 618
368 694
368 695
368 705
368 706
368 762
368 936
368 975
368 1145
368 1397
368 1458
368 1459
369 378
369 421
369 422
369 429
369 441
369 453
369 455
369 456
369 467
369 488
369 489
369 545
369 563
369 564
369 565
369 601
369 727
369 745
369 829
369 1075
369 1485
369 1486
370 386
370 459
370 818
370 826
370 1170
370 1173
370 1174
370 1249
370 1250
370 1358
370 1383
370 1384
371 379
371 423
371 424
371 429
371 691
371 818
371 1064
371 1074
371 1105
371 1282
371 1493
371 1494
371 1495
372 423
372 424
372 428
372 430
372 431
372 691
372 707
372 708
372 712
372 721
372 722
372 818
372 821
372 860
372 1104
372 1282
372 1493
372 1494
372 1496
373 459
373 818
373 826
373 927
373 1170
373 1173
373 1174
373 1249
373 1250
373 1358
373 1383
373 1384
374 442
374 443
374 598
374 734
374 742
374 1078
374 1128
374 1129
374 1130
374 1131
374 1132
374 1133
374 1250
374 1510
375 442
375 443
375 507
375 508
375 598
375 734
375 742
375 1078
375 1128
375 1129
375 1130
375 1131
375 1132
375 1133
375 1250
375 1273
375 1274
375 1510
375 1511
375 1512
376 441
376 442
376 443
376 507
376 508
376 598
376 734
376 742
376 1078
376 1128
376 1129
376 1130
376 1131
376 1132
376 1133
376 1250
376 1273
376 1274
376 1510
376 1511
376 1512
377 414
377 415
377 421
377 422
377 429
377 470
377 504
377 563
377 564
377 565
377 575
377 587
377 588
377 591
377 592
377 593
377 597
377 602
377 608
377 619
377 621
377 645
377 726
377 728
377 734
377 742
377 771
377 814
377 830
377 840
377 849
377 975
377 983
377 986
377 987
377 1063
377 1334
377 1335
377 1581
378 470
378 511
378 512
378 534
378 535
378 547
378 561
378 562
378 1111
378 1466
378 1467
378 1583
379 452
379 561
379 673
379 689
379 725
379 1074
379 1105
380 384
380 385
380 387
380 423
380 465
380 472
380 477
380 478
380 483
380 484
380 599
380 645
380 856
381 423
381 599
381 776
381 822
381 956
382 677
382 725
382 730
383 677
383 725
383 730
384 414
384 415
384 423
384 474
384 475
384 541
384 645
384 970
385 414
385 415
385 423
385 447
385 474
385 475
385 541
385 645
385 1458
385 1459
386 482
386 557
386 559
386 560
386 705
386 716
386 746
386 761
386 1219
386 1220
387 423
387 474
387 475
387 541
388 424
388 428
388 573
388 635
388 816
388 818
389 1741
390 1018
390 1234
390 1724
391 422
391 716
391 1424
391 1425
391 1426
392 1093
392 1490
393 423
393 424
393 428
393 1064
393 1074
393 1078
394 599
394 745
394 757
394 1768
394 1769
395 725
395 1234
395 1772
396 448
396 473
396 484
396 557
399 599
399 1096
400 599
400 645
400 821
400 856
402 817
406 423
406 424
406 821
407 726
408 727
409 644
409 1417
409 1784
412 413
413 414
413 415
413 416
413 417
413 418
413 419
413 420
414 460
414 461
414 462
414 463
414 482
414 483
414 484
414 533
414 540
414 586
414 587
414 602
414 693
414 694
414 695
414 705
414 706
414 945
414 975
414 1362
415 427
415 441
415 447
415 452
415 482
415 483
415 484
415 540
415 586
415 599
415 601
415 602
415 615
415 616
415 617
415 618
415 694
415 695
415 705
415 706
415 929
415 930
415 957
415 975
415 1578
418 511
418 512
418 534
418 535
418 802
418 882
418 890
418 891
418 934
418 935
418 958
418 959
418 1356
418 1357
418 1468
418 1505
418 1674
419 851
419 1302
421 430
421 431
421 453
421 455
421 469
421 473
421 482
421 492
421 510
421 511
421 512
421 513
421 514
421 534
421 535
421 539
421 540
421 569
421 600
421 603
421 615
421 642
421 694
421 695
421 697
421 699
421 700
421 705
421 706
421 727
421 729
421 730
421 732
421 733
421 759
421 762
421 770
421 771
421 772
421 773
421 774
421 775
421 776
421 777
421 778
421 779
421 780
421 781
421 782
421 783
421 784
421 785
421 786
421 787
421 788
421 789
421 790
421 791
422 430
422 453
422 455
422 469
422 473
422 482
422 492
422 496
422 510
422 511
422 512
422 513
422 514
422 534
422 535
422 539
422 540
422 545
422 569
422 600
422 603
422 615
422 694
422 695
422 697
422 699
422 700
422 705
422 706
422 727
422 729
422 730
422 732
422 733
422 762
422 770
422 771
422 772
422 773
422 774
422 775
422 776
422 777
422 778
422 779
422 780
422 781
422 782
422 783
422 784
422 785
422 786
422 787
422 788
422 789
422 790
422 791
422 792
422 793
422 794
422 795
423 425
423 426
423 465
423 469
423 472
423 473
423 477
423 478
423 483
423 484
423 586
423 701
423 776
423 822
423 1043
423 1053
423 1054
423 1084
423 1387
423 1388
423 1389
423 1390
423 1391
423 1392
423 1393
423 1394
423 1395
423 1396
424 441
424 818
424 1170
425 464
425 465
426 464
426 465
427 727
427 776
427 822
428 440
428 510
428 730
428 1156
428 1237
428 1529
429 1532
430 482
430 491
430 502
430 540
430 645
430 694
430 695
430 705
430 706
430 778
430 820
430 1095
431 438
431 482
431 491
431 502
431 540
431 645
431 694
431 695
431 705
431 706
431 778
431 820
431 1095
432 1304
432 1744
432 1786
432 1787
433 434
433 435
433 436
433 437
435 440
435 450
435 452
435 459
435 479
435 492
435 510
435 511
435 512
435 513
435 514
435 515
435 516
435 517
435 518
435 519
435 520
435 521
435 522
435 523
435 524
435 525
435 526
435 527
435 528
435 529
436 440
436 450
436 452
436 459
436 479
436 492
436 510
436 511
436 512
436 513
436 514
436 515
436 516
436 517
436 518
436 519
436 520
436 521
436 522
436 523
436 524
436 525
436 526
436 527
436 528
436 529
437 440
437 441
437 450
437 452
437 459
437 479
437 492
437 510
437 511
437 512
437 513
437 514
437 515
437 516
437 517
437 518
437 519
437 520
437 524
437 525
437 526
437 527
437 528
437 529
437 595
437 636
438 459
438 471
438 530
438 590
438 600
438 603
438 607
438 636
438 641
438 645
438 673
438 679
438 680
438 685
438 689
438 702
438 729
438 744
438 756
438 764
438 767
438 773
438 778
438 813
438 847
438 1004
438 1005
438 1006
438 1007
438 1008
438 1009
438 1010
438 1011
438 1012
438 1013
438 1014
438 1015
438 1016
438 1017
438 1018
438 1019
438 1020
438 1021
438 1022
438 1023
438 1024
438 1025
438 1026
438 1027
438 1028
438 1029
438 1030
438 1031
438 1032
439 599
439 757
440 452
440 454
440 474
440 505
440 511
440 512
440 534
440 535
440 538
440 539
440 541
440 558
440 561
440 562
440 566
440 573
440 590
440 599
440 637
440 638
440 642
440 643
440 673
440 689
440 734
440 740
440 741
440 742
440 753
440 757
440 779
440 816
440 821
440 836
440 837
440 838
440 839
440 844
440 845
440 848
440 1001
440 1173
440 1174
440 1175
440 1176
440 1177
440 1178
440 1179
441 510
441 587
441 692
441 699
441 726
441 727
441 734
441 742
441 770
441 866
441 923
441 924
441 1135
441 1140
441 1182
441 1232
441 1270
441 1275
441 1276
441 1277
441 1278
441 1279
441 1280
441 1281
441 1282
441 1283
441 1284
442 471
442 507
442 508
442 519
442 520
442 604
442 642
442 734
442 740
442 741
442 742
442 771
442 954
442 1056
442 1181
442 1285
442 1286
442 1287
443 471
443 519
443 520
443 604
443 642
443 734
443 740
443 741
443 742
443 771
443 1056
443 1181
443 1233
443 1244
443 1245
443 1246
443 1247
443 1285
443 1286
443 1287
443 1288
444 447
444 452
444 482
444 491
444 493
444 517
444 540
444 590
444 645
444 690
444 691
444 694
444 695
444 705
444 706
444 707
444 708
444 712
444 721
444 727
444 904
444 921
444 927
444 1064
444 1093
444 1109
444 1237
444 1359
444 1380
445 892
446 470
446 533
446 547
446 601
446 856
446 1111
446 1466
446 1467
447 453
447 455
447 456
447 465
447 482
447 510
447 540
447 546
447 561
447 562
447 616
447 636
447 694
447 695
447 705
447 706
447 882
447 923
447 973
447 1091
447 1355
447 1443
447 1468
447 1487
447 1488
447 1489
447 1490
447 1491
448 449
448 450
448 536
448 537
448 1142
448 1242
448 1452
448 1453
449 482
449 491
449 540
449 694
449 695
449 705
449 706
449 1241
450 452
450 454
450 474
450 505
450 511
450 512
450 534
450 535
450 536
450 537
450 538
450 539
450 541
450 573
450 590
450 642
450 753
450 779
450 816
450 844
450 845
450 848
450 1001
450 1173
450 1174
450 1176
450 1177
451 452
451 453
451 454
451 510
451 531
451 538
451 539
451 691
451 762
451 829
451 1106
451 1107
451 1137
451 1452
451 1513
451 1514
452 454
452 459
452 479
452 480
452 510
452 513
452 514
452 526
452 539
452 600
452 602
452 607
452 676
452 702
452 703
452 1089
452 1137
452 1143
452 1237
452 1347
452 1515
452 1522
452 1523
453 466
453 468
453 474
453 475
453 482
453 495
453 497
453 500
453 509
453 540
453 601
453 694
453 695
453 705
453 706
453 723
453 726
453 730
453 735
453 776
453 781
453 791
453 819
453 820
453 822
453 874
453 890
453 891
453 906
453 952
453 970
453 1033
453 1052
453 1093
453 1115
453 1399
453 1524
454 459
454 480
454 510
454 517
454 539
454 731
454 737
454 1106
454 1137
454 1143
454 1157
454 1158
454 1159
454 1160
454 1161
454 1162
454 1163
454 1164
454 1165
454 1166
454 1173
454 1174
454 1180
454 1217
454 1347
454 1523
455 466
455 468
455 474
455 475
455 482
455 495
455 497
455 500
455 509
455 540
455 601
455 694
455 695
455 705
455 706
455 723
455 726
455 730
455 735
455 781
455 791
455 819
455 820
455 874
455 906
455 952
455 1033
455 1093
455 1115
455 1399
455 1524
456 466
456 468
456 474
456 475
456 482
456 495
456 497
456 500
456 509
456 540
456 545
456 601
456 694
456 695
456 705
456 706
456 723
456 726
456 730
456 735
456 781
456 791
456 819
456 820
456 874
456 906
456 952
456 1033
456 1052
456 1093
456 1115
456 1399
456 1524
457 601
457 645
457 734
457 746
457 857
457 889
457 1004
457 1005
457 1093
457 1153
457 1154
457 1155
457 1156
457 1170
457 1219
457 1220
457 1255
457 1328
457 1500
458 601
458 645
458 727
458 734
458 746
458 857
458 889
458 1004
458 1005
458 1093
458 1153
458 1154
458 1155
458 1156
458 1170
458 1219
458 1220
458 1255
458 1328
458 1500
459 474
459 505
459 538
459 539
459 541
459 566
459 595
459 599
459 673
459 689
459 746
459 753
459 779
459 818
459 844
459 845
459 848
459 860
459 929
459 930
459 1001
459 1096
459 1170
459 1173
459 1174
459 1176
459 1177
459 1193
459 1219
459 1220
459 1239
459 1528
460 602
460 608
460 686
460 700
460 741
460 746
460 761
460 817
460 818
460 1048
460 1170
460 1182
460 1248
460 1359
460 1575
461 602
461 608
461 686
461 700
461 741
461 746
461 761
461 817
461 818
461 1048
461 1170
461 1182
461 1248
461 1359
461 1575
462 602
462 608
462 686
462 700
462 741
462 746
462 761
462 817
462 818
462 1048
462 1170
462 1182
462 1248
462 1359
462 1575
463 602
463 608
463 686
463 700
463 734
463 740
463 741
463 742
463 746
463 761
463 817
463 818
463 1048
463 1170
463 1182
463 1248
463 1359
463 1575
465 474
465 475
465 541
466 899
466 1051
467 727
467 730
467 899
467 985
467 1051
468 1530
469 729
469 778
469 971
469 1612
470 602
470 699
471 1181
472 473
472 474
472 475
472 541
473 727
473 729
473 778
473 790
473 884
473 921
473 971
473 975
473 1612
474 477
474 478
474 483
474 484
475 477
475 478
475 482
475 483
475 484
475 511
475 512
475 534
475 535
475 540
475 694
475 695
475 705
475 706
475 776
475 822
475 970
476 500
476 507
476 508
476 509
476 561
476 562
476 696
476 698
476 699
476 744
476 755
476 777
476 954
476 1141
477 541
477 1078
478 541
479 599
479 601
479 642
479 643
479 673
479 689
479 734
479 740
479 741
479 742
479 836
479 837
479 838
479 839
480 510
480 599
480 691
480 776
480 822
480 860
480 956
480 1096
480 1137
480 1452
481 482
481 540
481 694
481 695
481 705
481 706
482 485
482 486
482 538
482 539
482 563
482 564
482 565
482 573
482 585
482 645
482 690
482 691
482 730
482 817
482 829
482 1062
482 1080
483 541
483 645
483 1084
484 541
484 645
484 1294
484 1468
485 491
485 540
485 694
485 695
485 705
485 706
486 491
486 536
486 537
486 540
486 694
486 695
486 705
486 706
487 686
487 725
488 536
488 537
488 686
488 725
489 686
489 725
490 611
490 612
491 734
491 740
491 741
491 742
491 844
491 875
491 1041
491 1043
492 716
492 769
492 1248
492 1424
492 1425
492 1426
492 1503
500 501
500 533
501 503
502 875
502 1041
502 1043
503 533
503 601
505 590
506 599
506 645
506 745
506 856
506 1778
507 561
507 562
507 643
507 690
507 691
507 838
507 866
508 561
508 562
508 643
508 838
509 511
509 512
509 534
509 535
509 561
509 562
510 538
510 539
510 541
510 544
510 558
510 599
510 608
510 642
510 696
510 704
510 718
510 723
510 726
510 734
510 738
510 739
510 740
510 741
510 742
510 776
510 822
510 956
510 1063
510 1075
510 1096
510 1137
510 1173
510 1174
510 1178
510 1179
510 1283
510 1337
510 1338
510 1342
510 1346
510 1347
510 1348
510 1349
510 1350
510 1351
510 1352
511 514
511 527
511 528
511 529
511 533
511 561
511 562
511 636
511 728
511 730
511 780
511 785
511 786
511 787
511 1399
511 1457
512 514
512 527
512 528
512 529
512 533
512 561
512 562
512 636
512 728
512 730
512 780
512 785
512 786
512 787
512 1145
512 1399
512 1457
513 519
513 520
513 536
513 537
513 544
513 561
513 562
513 599
513 608
513 673
513 689
513 704
513 723
513 726
513 738
513 739
513 821
513 1063
514 534
514 535
514 561
514 562
514 642
514 1580
516 1598
516 1599
517 526
517 1237
518 581
518 582
518 583
518 584
518 585
518 601
518 607
518 676
518 701
518 702
518 703
518 732
519 638
519 882
519 1469
520 638
520 882
521 638
521 737
521 743
521 744
521 1619
521 1624
521 1625
521 1629
521 1631
522 638
522 737
522 743
522 744
522 1254
522 1507
522 1508
522 1509
522 1619
522 1624
522 1625
522 1629
522 1631
523 637
523 638
523 734
523 737
523 742
523 743
523 744
523 1254
523 1507
523 1508
523 1509
523 1619
523 1624
523 1625
523 1629
523 1631
524 645
524 856
525 821
527 534
527 535
527 601
527 821
528 534
528 535
529 534
529 535
529 561
529 562
530 656
530 667
530 668
530 673
530 674
530 675
530 676
530 677
530 678
530 679
530 680
530 681
530 682
530 683
530 684
530 685
530 686
530 687
531 543
531 645
531 813
531 867
531 882
532 970
533 534
533 535
533 551
533 552
533 601
533 821
533 892
533 921
534 636
534 728
534 730
534 780
534 785
534 786
534 787
534 1399
534 1457
535 636
535 728
535 730
535 780
535 785
535 786
535 787
535 1399
535 1457
536 561
536 562
536 675
536 697
536 700
536 934
536 935
536 1285
536 1355
536 1497
536 1502
537 561
537 562
537 675
537 697
537 700
537 934
537 935
537 1285
537 1355
537 1497
537 1502
538 540
538 694
538 695
538 705
538 706
538 726
538 1515
539 540
539 561
539 562
539 600
539 694
539 695
539 705
539 706
539 726
539 735
539 1114
539 1515
540 573
540 585
540 599
540 645
540 690
540 691
540 730
540 762
540 817
540 829
540 1062
540 1080
540 1362
541 696
541 698
541 727
542 572
543 561
543 562
543 566
543 814
543 815
543 840
543 841
543 842
543 843
543 844
543 845
543 848
543 1065
544 608
544 610
544 777
544 782
544 890
544 925
544 986
545 730
546 581
546 582
546 583
546 584
546 585
546 601
548 572
553 601
556 594
558 655
558 1779
559 601
560 601
560 635
560 929
560 930
560 1042
561 637
561 638
561 643
561 690
561 691
561 699
561 791
561 836
561 837
561 838
561 839
561 853
561 855
561 861
561 862
561 881
561 921
561 954
561 1001
561 1144
561 1270
561 1277
561 1304
561 1305
561 1320
561 1354
561 1355
561 1356
561 1357
561 1358
561 1359
561 1360
562 699
562 722
562 791
562 853
562 855
562 861
562 862
562 881
562 921
562 952
562 954
562 1001
562 1144
562 1354
562 1355
562 1356
562 1357
562 1358
562 1359
562 1360
562 1505
563 607
563 701
563 702
563 817
563 830
564 607
564 701
564 702
564 817
564 830
565 607
565 701
565 702
565 817
565 830
566 784
566 866
567 587
568 587
569 570
569 571
569 572
569 578
569 579
569 580
569 601
569 605
569 771
569 817
569 821
569 886
569 983
569 1034
569 1035
569 1036
569 1114
569 1427
569 1440
570 571
570 572
570 578
570 579
570 601
570 608
570 704
570 726
570 819
570 821
570 845
570 882
570 1464
570 1548
571 572
571 601
572 578
572 579
572 590
572 601
572 605
572 769
572 1548
573 730
573 780
573 818
573 1170
573 1326
573 1327
573 1573
573 1574
575 601
575 726
575 983
575 1440
576 602
576 625
576 630
576 676
576 778
576 1056
576 1095
576 1125
576 1282
576 1494
576 1503
577 602
577 625
577 630
577 676
577 778
577 1056
577 1095
577 1125
577 1282
577 1494
577 1503
578 580
578 607
578 676
578 701
578 702
578 703
578 1037
578 1038
578 1039
578 1040
578 1044
578 1281
578 1440
579 580
579 607
579 676
579 701
579 702
579 703
579 1037
579 1038
579 1039
579 1040
579 1044
579 1281
579 1440
580 601
580 605
581 695
581 727
581 730
581 921
581 1487
581 1646
582 695
582 727
582 730
582 921
582 1487
582 1646
583 695
583 727
583 730
583 921
583 1487
583 1646
584 695
584 727
584 730
584 921
584 1487
584 1646
585 694
585 695
585 705
585 706
585 727
585 730
585 921
585 1487
585 1646
586 645
586 926
586 1070
586 1400
586 1446
587 601
587 726
587 727
587 819
587 863
587 936
587 1086
587 1440
588 601
588 726
588 983
588 1440
590 848
590 874
590 878
590 900
590 1176
590 1177
590 1265
591 601
591 983
591 1440
592 601
592 726
592 845
592 983
592 1440
593 601
593 726
593 983
593 1440
594 977
594 978
594 979
595 601
597 601
597 631
597 632
597 633
597 726
597 983
597 1439
597 1440
598 980
598 1013
598 1241
599 727
599 762
599 1248
600 609
600 621
600 637
600 716
600 726
600 737
600 738
600 739
600 776
600 779
600 789
600 815
600 822
600 841
600 842
600 854
600 858
600 890
600 891
600 898
600 943
600 970
600 974
600 1086
600 1117
600 1333
600 1424
600 1425
600 1426
601 615
601 673
601 689
601 726
601 727
601 771
601 854
601 926
601 936
601 979
601 1018
601 1055
601 1073
601 1085
601 1112
601 1118
601 1139
601 1142
601 1147
601 1232
601 1255
601 1440
601 1441
601 1442
601 1443
601 1444
601 1445
601 1446
601 1447
601 1448
602 603
602 607
602 609
602 610
602 645
602 648
602 676
602 701
602 702
602 703
602 726
602 842
602 843
602 890
602 901
602 971
602 1063
602 1117
602 1400
602 1427
602 1555
602 1556
603 608
603 621
603 764
603 791
603 855
603 866
603 970
603 1087
603 1095
603 1109
603 1110
603 1359
604 771
604 1056
604 1144
605 1037
605 1038
605 1039
605 1040
605 1044
605 1281
605 1440
606 1037
606 1038
606 1039
606 1040
606 1044
607 621
607 623
607 629
607 777
607 782
607 830
607 854
607 855
607 856
607 866
607 886
607 919
607 927
607 944
607 974
607 1089
608 609
608 610
608 611
608 612
608 636
608 726
608 815
608 829
608 841
608 842
608 843
608 890
608 901
608 902
608 971
608 1063
608 1080
608 1531
609 621
609 726
609 735
609 789
609 820
609 983
609 1056
609 1063
609 1456
610 621
610 925
610 987
610 1063
610 1455
610 1456
610 1658
610 1659
613 726
613 1234
613 1667
615 727
616 727
617 727
618 727
619 620
620 902
621 676
621 701
621 702
621 703
621 726
621 735
621 830
621 842
621 843
621 890
621 901
621 971
621 1063
623 676
623 701
623 702
623 703
623 726
623 815
623 841
623 842
623 843
623 1117
623 1748
627 925
627 1041
627 1045
627 1047
627 1117
629 676
629 701
629 702
629 703
630 1125
630 1127
630 1503
631 782
631 784
631 820
631 974
631 1121
632 782
632 784
632 820
632 974
632 1121
633 782
633 784
633 820
633 974
633 1121
635 764
635 769
635 866
635 1058
635 1182
635 1496
636 726
636 776
636 822
636 829
636 843
636 956
636 981
636 1063
637 733
637 735
637 737
637 738
637 739
638 733
638 734
638 737
638 740
638 741
638 742
638 743
638 744
640 691
640 1137
640 1143
640 1347
640 1523
641 656
641 667
641 668
641 673
641 674
641 675
641 676
641 677
641 678
641 679
641 680
641 681
641 682
641 683
641 684
641 685
641 686
641 688
642 677
642 733
642 734
642 735
642 736
643 725
643 772
643 813
643 855
643 866
644 677
644 1415
644 1416
644 1417
645 694
645 695
645 705
645 706
645 830
645 975
645 1085
645 1164
645 1165
645 1166
645 1397
645 1661
645 1662
647 669
647 670
647 671
647 677
648 677
648 761
648 1117
650 734
650 740
650 741
650 742
651 677
651 1024
652 1192
653 1192
654 1192
657 677
658 677
659 677
660 677
661 677
662 677
663 677
668 680
669 736
670 736
671 736
672 678
672 685
672 688
672 757
673 720
673 733
673 763
673 764
673 765
673 766
673 767
673 768
673 769
675 731
675 796
675 1096
675 1157
675 1158
675 1159
675 1160
675 1161
675 1162
675 1163
675 1164
675 1165
675 1166
676 777
676 782
676 830
676 854
676 855
676 856
676 866
676 886
676 919
676 927
676 944
676 974
676 1089
678 721
678 954
678 1004
678 1005
678 1153
678 1154
678 1155
678 1156
678 1325
678 1687
678 1688
678 1689
679 734
679 740
679 741
679 742
679 1213
679 1339
679 1340
679 1341
679 1343
679 1344
679 1345
679 1589
679 1590
680 742
680 744
680 764
683 1377
684 1760
686 1231
687 1614
689 720
689 733
689 763
689 764
689 766
689 767
689 768
689 769
690 694
690 695
690 705
690 706
690 730
690 762
690 860
690 1180
690 1181
690 1182
690 1183
690 1184
690 1185
691 694
691 695
691 705
691 706
691 730
691 762
691 860
691 1180
691 1181
691 1182
691 1183
691 1184
691 1185
692 720
692 734
693 727
693 863
694 730
694 817
694 829
694 899
694 1061
694 1062
694 1080
694 1400
695 730
695 817
695 829
695 929
695 930
695 936
695 1062
695 1080
695 1106
695 1503
695 1579
696 697
696 698
696 699
696 700
696 718
697 777
697 782
697 985
698 700
698 829
698 1108
699 777
699 782
699 985
700 717
700 777
700 782
700 985
701 777
701 782
701 829
701 830
701 854
701 855
701 856
701 866
701 927
701 944
701 974
701 1089
702 777
702 782
702 830
702 854
702 855
702 856
702 866
702 886
702 919
702 927
702 944
702 974
702 1089
703 777
703 782
703 830
703 854
703 855
703 856
703 866
703 886
703 919
703 927
703 944
703 974
703 1089
704 830
704 843
704 900
704 937
704 950
704 951
704 955
704 1400
705 730
705 769
705 817
705 1062
705 1080
706 730
706 817
706 829
706 1018
706 1062
706 1080
707 821
707 1104
707 1105
707 1297
708 1104
708 1105
708 1297
711 851
712 1105
712 1297
714 737
715 737
716 762
717 1359
718 734
718 742
720 756
721 722
721 1297
722 866
724 727
725 731
725 757
725 759
725 762
725 836
725 837
725 838
725 839
725 860
725 1005
725 1153
725 1154
725 1155
725 1156
725 1157
725 1158
725 1159
725 1160
725 1161
725 1162
725 1163
725 1164
725 1165
725 1166
725 1167
725 1168
725 1169
726 728
726 735
726 770
726 779
726 783
726 789
726 814
726 815
726 820
726 829
726 840
726 841
726 842
726 843
726 844
726 845
726 848
726 862
726 867
726 868
726 869
726 883
726 911
726 943
726 966
726 981
726 983
726 1001
726 1056
726 1063
726 1075
726 1118
726 1169
726 1330
726 1331
726 1332
726 1333
726 1334
726 1335
727 730
727 829
727 921
727 945
727 963
727 1106
727 1279
727 1361
727 1362
727 1363
727 1364
727 1365
728 814
728 821
728 840
728 867
728 868
728 869
728 871
728 1334
728 1335
728 1428
729 776
729 821
729 822
729 884
729 892
729 956
729 971
729 1112
729 1139
730 745
730 822
730 843
730 883
730 900
730 904
730 1005
730 1153
730 1154
730 1155
730 1156
730 1362
730 1530
730 1531
733 757
733 758
734 748
734 749
734 767
734 791
734 868
734 882
734 1005
734 1009
734 1010
734 1019
734 1128
734 1129
734 1130
734 1131
734 1132
734 1133
734 1153
734 1154
734 1155
734 1156
734 1181
734 1183
734 1249
734 1250
734 1251
734 1252
734 1253
734 1254
734 1255
734 1256
734 1257
734 1258
734 1259
734 1260
734 1261
734 1262
734 1263
734 1264
734 1265
734 1266
734 1267
734 1271
734 1272
734 1286
734 1287
734 1289
734 1290
734 1291
734 1292
734 1293
734 1294
734 1295
734 1296
734 1297
734 1298
734 1299
734 1300
734 1301
734 1302
734 1303
734 1304
735 737
735 738
735 739
735 779
735 789
735 815
735 841
735 842
735 858
735 898
735 959
735 1086
735 1431
737 802
737 1188
737 1189
737 1306
737 1594
737 1650
737 1651
737 1693
737 1694
737 1695
738 988
738 1051
739 988
739 1051
739 1117
740 748
740 749
740 1009
740 1010
740 1019
740 1183
740 1249
740 1250
740 1251
740 1252
740 1253
740 1254
740 1255
740 1256
740 1257
740 1258
740 1259
740 1260
740 1261
740 1262
740 1263
740 1264
740 1265
740 1266
740 1267
741 748
741 749
741 767
741 1005
741 1009
741 1010
741 1019
741 1153
741 1154
741 1155
741 1156
741 1183
741 1249
741 1250
741 1253
741 1254
741 1255
741 1256
741 1257
741 1258
741 1259
741 1260
741 1261
741 1262
741 1263
741 1264
741 1265
741 1266
741 1267
741 1290
741 1291
741 1293
741 1295
741 1301
742 748
742 749
742 767
742 791
742 868
742 882
742 1005
742 1009
742 1010
742 1019
742 1153
742 1154
742 1155
742 1156
742 1181
742 1183
742 1249
742 1250
742 1253
742 1254
742 1255
742 1256
742 1257
742 1258
742 1259
742 1260
742 1261
742 1262
742 1263
742 1264
742 1265
742 1266
742 1271
742 1272
742 1286
742 1287
742 1289
742 1290
742 1291
742 1292
742 1293
742 1294
742 1295
742 1296
742 1297
742 1298
742 1299
742 1300
742 1301
742 1302
742 1304
743 1619
743 1626
743 1627
745 754
745 1276
746 1173
746 1174
746 1249
746 1250
746 1358
746 1383
747 1408
747 1409
748 1616
748 1617
748 1652
748 1653
753 754
756 764
757 759
757 760
757 761
757 762
759 773
759 791
759 866
760 818
760 1170
761 818
761 1170
761 1171
762 908
762 1172
764 765
764 1761
765 864
765 865
768 1365
769 1533
770 983
771 988
771 1055
771 1075
771 1112
771 1139
771 1181
771 1439
772 836
772 837
772 838
772 839
772 843
772 846
772 850
772 892
772 1400
772 1468
773 884
773 892
773 971
774 884
774 892
774 971
775 776
775 815
775 822
775 841
775 842
775 883
775 1074
776 841
776 853
776 1084
776 1554
777 921
777 925
777 1715
777 1716
778 884
778 892
778 971
778 1033
779 1515
780 816
781 815
781 841
781 842
782 921
782 925
782 1075
782 1715
782 1716
783 983
783 1770
788 847
789 890
789 891
789 1034
789 1035
789 1036
789 1055
789 1063
789 1448
792 800
792 802
792 803
792 807
792 808
792 809
792 811
792 812
792 1193
793 800
793 802
793 803
793 807
793 808
793 809
793 811
793 812
793 1193
795 1426
795 1783
796 1001
796 1580
797 800
797 801
797 802
797 803
797 804
797 805
797 806
797 807
797 808
797 809
797 810
797 811
797 812
798 800
798 801
798 803
798 804
798 805
798 806
798 807
798 808
798 809
798 810
798 811
798 812
800 1233
800 1244
800 1245
800 1246
800 1247
800 1288
801 1601
802 933
802 1182
802 1200
802 1201
802 1202
802 1208
802 1209
813 814
813 815
813 835
813 836
813 837
813 838
813 839
813 840
813 841
813 842
813 843
813 844
813 845
813 846
813 847
813 848
813 849
813 850
814 815
814 817
814 841
814 842
814 843
814 846
814 850
814 852
814 861
814 862
814 867
814 868
814 869
814 870
814 871
814 872
814 873
814 874
814 875
814 876
814 877
814 878
814 879
814 880
814 881
815 817
815 845
815 855
815 857
815 866
815 883
815 884
815 885
815 886
815 887
815 888
815 889
816 818
816 1170
816 1326
816 1327
816 1573
816 1574
817 840
817 841
817 842
817 843
817 844
817 845
817 846
817 848
817 850
817 883
817 955
817 960
817 961
817 962
817 964
817 970
817 1470
817 1471
818 1006
818 1007
818 1008
818 1148
818 1149
818 1150
818 1248
818 1487
818 1494
819 883
819 1075
820 821
820 890
820 891
820 1034
820 1035
820 1036
820 1055
820 1063
821 822
821 844
821 863
821 938
821 980
821 1080
821 1385
822 841
822 853
822 1084
822 1554
823 863
824 863
825 863
826 1250
828 1250
829 841
829 856
829 866
829 921
829 1063
830 904
835 851
836 855
836 866
837 855
837 866
838 855
838 866
839 855
839 866
840 843
840 867
840 868
840 869
840 870
840 871
840 872
840 873
841 845
841 855
841 857
841 866
841 884
841 885
841 886
841 887
841 888
841 889
842 845
842 855
842 857
842 866
842 884
842 885
842 886
842 887
842 888
842 889
842 890
842 891
842 892
843 844
843 845
843 848
843 867
843 868
843 869
843 893
843 894
843 895
843 896
843 897
844 886
844 959
844 965
844 966
844 967
844 968
844 969
845 867
845 868
845 869
845 967
845 968
845 969
845 990
845 1091
845 1456
845 1608
845 1696
846 868
846 902
846 989
848 966
848 967
848 968
848 969
848 1608
848 1696
850 868
850 902
850 989
851 1123
851 1124
851 1125
851 1126
851 1127
852 960
852 961
852 962
852 964
854 891
854 906
854 975
854 1051
854 1052
854 1117
855 858
855 989
855 1400
856 1582
858 866
858 888
862 1085
863 1012
863 1013
863 1080
863 1083
863 1106
863 1549
863 1550
863 1551
863 1552
863 1553
866 965
866 989
866 1647
866 1648
866 1649
867 883
867 890
867 891
867 912
867 1334
867 1335
867 1419
867 1420
867 1421
868 912
868 1334
868 1335
868 1419
868 1420
868 1421
869 912
869 1334
869 1335
869 1400
869 1419
869 1420
869 1421
870 1654
870 1655
872 902
874 1064
874 1438
875 1085
878 1064
878 1438
880 883
881 955
882 886
882 955
882 959
882 1064
882 1400
882 1674
882 1675
884 892
884 972
884 973
884 1033
885 892
886 911
886 990
886 1091
886 1611
889 955
890 983
890 1056
890 1117
890 1427
891 974
891 983
891 1056
891 1117
892 904
892 931
892 971
892 972
892 973
894 937
894 950
894 951
894 966
895 1117
896 897
898 967
898 1112
898 1139
898 1427
899 1587
899 1588
900 905
900 911
900 990
900 1587
900 1588
902 906
902 910
902 919
902 937
902 950
902 951
902 975
903 937
903 950
903 951
904 905
904 911
904 990
905 965
906 967
906 968
906 974
906 1139
906 1427
907 1774
910 967
910 968
910 1427
919 967
919 968
919 1427
920 965
921 925
923 1063
925 1469
925 1716
927 1073
927 1400
927 1648
928 1530
933 1182
933 1200
933 1208
933 1209
933 1283
933 1336
933 1337
933 1338
933 1342
933 1681
933 1682
933 1683
933 1684
936 1088
937 985
937 1675
938 1104
943 966
943 1117
944 1041
944 1045
944 1047
950 985
950 1675
951 985
951 1675
952 955
953 955
953 965
953 1427
954 1277
954 1283
954 1354
955 965
955 972
955 1059
955 1060
956 1084
959 978
959 1033
966 1333
967 969
967 1427
968 1057
968 1427
970 1061
970 1062
971 972
971 973
974 975
974 1051
974 1052
974 1117
975 1073
975 1117
976 1065
980 1483
982 996
983 1034
983 1035
983 1036
983 1055
983 1063
984 1657
985 999
985 1400
986 988
986 1181
987 988
987 1181
988 1596
990 995
990 1438
1000 1582
1000 1659
1001 1515
1004 1012
1004 1013
1004 1093
1004 1173
1004 1220
1004 1381
1004 1382
1004 1497
1004 1498
1004 1499
1004 1500
1004 1501
1005 1012
1005 1013
1005 1093
1005 1173
1005 1220
1005 1381
1005 1382
1005 1497
1005 1498
1005 1500
1005 1501
1006 1170
1007 1170
1008 1170
1009 1339
1009 1340
1009 1341
1009 1343
1009 1344
1009 1345
1010 1339
1010 1340
1010 1341
1010 1343
1010 1344
1010 1345
1011 1084
1012 1153
1012 1154
1012 1155
1012 1156
1013 1153
1013 1154
1013 1155
1013 1156
1013 1498
1013 1648
1014 1175
1014 1236
1014 1525
1014 1526
1014 1527
1014 1608
1015 1027
1015 1029
1015 1211
1015 1701
1015 1702
1017 1030
1017 1190
1018 1723
1018 1724
1019 1339
1019 1340
1019 1341
1019 1343
1019 1344
1019 1345
1020 1603
1020 1690
1021 1325
1023 1325
1025 1027
1025 1029
1025 1211
1025 1702
1026 1027
1026 1029
1026 1211
1026 1702
1027 1698
1029 1698
1030 1031
1032 1265
1033 1385
1033 1386
1034 1056
1035 1056
1036 1041
1036 1045
1036 1047
1036 1056
1036 1075
1053 1092
1053 1094
1054 1092
1054 1094
1055 1056
1055 1113
1055 1427
1055 1432
1056 1063
1063 1115
1064 1234
1064 1664
1064 1665
1064 1666
1066 1078
1066 1094
1066 1268
1066 1269
1066 1703
1066 1704
1066 1705
1066 1706
1067 1175
1072 1073
1074 1105
1079 1094
1082 1652
1083 1591
1085 1241
1086 1451
1086 1737
1086 1738
1086 1739
1086 1740
1088 1661
1088 1662
1092 1391
1092 1392
1092 1393
1092 1394
1093 1153
1093 1154
1093 1155
1093 1156
1093 1381
1093 1382
1093 1776
1094 1391
1094 1392
1094 1393
1094 1394
1094 1468
1096 1190
1096 1532
1096 1533
1104 1105
1105 1282
1105 1494
1106 1753
1111 1583
1112 1113
1112 1427
1112 1431
1112 1432
1113 1139
1117 1171
1117 1333
1123 1128
1123 1129
1123 1130
1123 1131
1123 1132
1123 1133
1123 1134
1123 1135
1128 1289
1128 1366
1128 1368
1129 1289
1129 1366
1129 1368
1130 1289
1130 1366
1130 1368
1131 1289
1131 1366
1131 1368
1132 1289
1132 1366
1132 1368
1133 1289
1133 1366
1133 1368
1134 1238
1134 1243
1134 1368
1134 1369
1134 1371
1134 1372
1134 1373
1134 1374
1135 1238
1135 1243
1135 1368
1135 1369
1135 1371
1135 1372
1135 1373
1135 1374
1139 1427
1139 1431
1139 1432
1140 1268
1140 1269
1142 1241
1148 1170
1149 1170
1150 1170
1153 1173
1153 1220
1153 1381
1153 1497
1153 1498
1153 1500
1153 1501
1154 1173
1154 1220
1154 1381
1154 1382
1154 1497
1154 1498
1154 1500
1154 1501
1155 1173
1155 1220
1155 1381
1155 1382
1155 1497
1155 1498
1155 1500
1155 1501
1156 1173
1156 1220
1156 1381
1156 1497
1156 1498
1156 1500
1156 1501
1170 1248
1170 1487
1173 1180
1173 1192
1173 1193
1173 1210
1173 1219
1173 1220
1173 1221
1173 1222
1173 1270
1173 1383
1173 1516
1173 1517
1173 1518
1173 1519
1173 1520
1173 1521
1173 1567
1173 1569
1173 1570
1173 1616
1173 1617
1174 1180
1174 1192
1174 1219
1174 1220
1174 1270
1174 1383
1174 1517
1174 1520
1174 1521
1174 1567
1175 1208
1175 1526
1175 1527
1175 1572
1175 1726
1178 1236
1179 1236
1180 1186
1180 1190
1180 1192
1180 1193
1180 1210
1180 1221
1180 1222
1180 1567
1180 1568
1180 1569
1180 1570
1180 1571
1181 1250
1181 1251
1181 1252
1181 1510
1182 1679
1182 1680
1187 1601
1187 1602
1188 1189
1188 1594
1190 1209
1190 1306
1190 1307
1190 1308
1190 1309
1190 1310
1190 1311
1190 1312
1190 1313
1191 1418
1191 1650
1191 1651
1191 1731
1192 1193
1192 1210
1192 1217
1192 1221
1192 1222
1192 1239
1192 1528
1192 1569
1192 1570
1192 1618
1192 1621
1192 1630
1193 1233
1193 1244
1193 1245
1193 1246
1193 1247
1193 1288
1193 1567
1195 1633
1195 1638
1195 1639
1195 1640
1195 1641
1195 1642
1195 1643
1195 1644
1196 1633
1196 1638
1196 1639
1196 1640
1196 1641
1196 1642
1196 1643
1196 1644
1197 1633
1197 1638
1197 1639
1197 1640
1197 1641
1197 1642
1197 1643
1197 1644
1198 1633
1198 1638
1198 1639
1198 1640
1198 1641
1198 1642
1198 1643
1198 1644
1200 1679
1200 1680
1201 1686
1203 1576
1203 1577
1204 1576
1204 1577
1204 1650
1204 1651
1208 1679
1208 1680
1208 1681
1208 1682
1209 1309
1209 1310
1209 1311
1209 1312
1209 1313
1210 1618
1210 1621
1210 1624
1210 1630
1211 1698
1217 1567
1219 1383
1220 1249
1220 1381
1220 1382
1220 1383
1220 1384
1221 1618
1221 1621
1221 1624
1221 1630
1222 1618
1222 1621
1222 1624
1222 1630
1223 1384
1227 1619
1227 1624
1227 1629
1229 1765
1234 1663
1236 1525
1236 1526
1236 1527
1236 1608
1236 1679
1236 1696
1236 1697
1238 1369
1239 1567
1241 1242
1241 1452
1241 1453
1248 1576
1248 1577
1250 1270
1250 1271
1250 1272
1250 1273
1250 1274
1253 1339
1253 1341
1253 1343
1253 1344
1253 1345
1254 1289
1254 1291
1254 1670
1254 1671
1256 1339
1256 1340
1256 1341
1256 1343
1256 1344
1256 1345
1257 1339
1257 1340
1257 1341
1257 1343
1257 1344
1257 1345
1257 1672
1257 1673
1258 1652
1259 1260
1260 1317
1260 1318
1260 1319
1270 1510
1270 1676
1271 1273
1271 1274
1271 1510
1272 1510
1273 1510
1274 1510
1278 1279
1282 1446
1283 1679
1283 1680
1289 1506
1289 1507
1289 1508
1289 1509
1291 1507
1291 1508
1291 1509
1293 1372
1295 1727
1298 1469
1305 1660
1321 1586
1322 1610
1323 1381
1323 1382
1325 1687
1325 1689
1336 1679
1336 1680
1337 1679
1338 1679
1338 1680
1342 1679
1355 1356
1355 1357
1355 1505
1366 1367
1367 1495
1368 1369
1368 1370
1369 1371
1369 1375
1371 1506
1371 1580
1372 1449
1372 1450
1375 1552
1376 1377
1376 1378
1377 1378
1377 1379
1400 1429
1401 1402
1402 1403
1402 1404
1403 1405
1404 1406
1404 1407
1406 1591
1406 1592
1406 1593
1410 1414
1414 1418
1426 1783
1427 1431
1430 1736
1432 1438
1436 1440
1437 1440
1439 1448
1439 1580
1440 1595
1440 1596
1443 1754
1446 1469
1455 1582
1488 1754
1492 1493
1503 1530
1503 1609
1504 1732
1504 1733
1504 1734
1507 1670
1507 1671
1508 1670
1508 1671
1509 1670
1509 1671
1525 1572
1525 1608
1525 1696
1526 1572
1526 1608
1526 1696
1527 1572
1527 1608
1527 1696
1528 1567
1529 1755
1560 1751
1560 1752
1567 1618
1567 1621
1567 1630
1569 1618
1569 1621
1569 1624
1569 1630
1570 1618
1570 1621
1570 1624
1570 1630
1571 1628
1572 1608
1578 1615
1580 1725
1582 1659
1582 1730
1582 1749
1587 1588
1601 1618
1601 1619
1601 1620
1601 1621
1601 1622
1601 1623
1601 1624
1602 1618
1602 1619
1602 1620
1602 1621
1602 1622
1602 1623
1602 1624
1603 1687
1618 1619
1619 1620
1619 1621
1619 1624
1619 1625
1619 1626
1619 1627
1619 1628
1619 1629
1619 1630
1619 1631
1622 1632
1624 1625
1624 1626
1624 1627
1624 1628
1624 1629
1624 1631
1625 1626
1625 1627
1625 1628
1626 1629
1626 1631
1627 1629
1627 1631
1628 1629
1628 1631
1632 1762
1632 1763
1633 1634
1633 1635
1633 1636
1633 1637
1634 1638
1634 1639
1634 1640
1634 1641
1634 1642
1634 1643
1634 1644
1635 1638
1635 1639
1635 1640
1635 1641
1635 1642
1635 1643
1635 1644
1636 1638
1636 1639
1636 1640
1636 1641
1636 1642
1636 1643
1636 1644
1637 1638
1637 1639
1637 1640
1637 1641
1637 1642
1637 1643
1637 1644
1650 1777
1651 1777
1658 1730
1659 1730
1659 1749
1663 1667
1672 1728
1672 1729
1673 1728
1673 1729
1683 1686
1684 1686
1687 1690
1688 1780
1688 1781
1698 1701
1698 1702
1699 1700
1742 1743
1742 1744
1743 1745
1743 1746
1743 1747
1744 1745
1744 1746
1744 1747
1751 1752
1758 1759
1764 1765
1765 1766
1765 1767
1773 1774
1774 1775
1780 1782
1781 1782