0.1315377877
0.4586501320
0.2189591862
0.6788647167
0.9346928962
0.5194163720
0.0345721105
0.5297001931
0.0076981861
0.0668422373
0.6867727124
0.9304364950
0.5269287778
0.6539189622
0.7011905945
0.7621980400
0.0474645134
0.3282342262
0.7564104861
0.3653386709
0.9825502863
0.7533558352
0.0726858828
0.8847071288
0.4364114055
0.4777317651
0.2749068401
0.1665072002
0.8976562867
0.0605643275
0.5045228949
0.3190329411
0.4939766852
0.0907328946
0.0737490752
0.3841421480
0.9138174421
0.4644458249
0.0500839837
0.7702045470
0.1253653756
0.6884553011
0.6295434181
0.7254119987
0.8885722141
0.3063218309
0.5132737022
0.8459815603
0.8415106396
0.4153946154
0.4679173685
0.1783277037
0.5716548107
0.0330537543
0.4984801191
0.7482926512
0.8907374816
0.8420396127
0.2127515146
0.1304272618
0.2745881475
0.4142932630
0.7098195927
0.2399108049
0.3175395363
0.6520586862
0.6813462137
0.3877253370
0.1475330031
0.8455756597
0.9554088267
0.1481515620
0.4087666938
0.5648986806
0.4885145492
0.9610951410
0.1997571990
0.6292691564
0.6512537414
0.8030729961
0.4764318029
0.2032503345
0.9016734990
0.1420210319
0.4103130357
0.8856483711
0.1621985517
0.3653390286
0.1351093680
0.4553072842
0.4523001692
0.9316744007
0.2152483841
0.9089218855
0.8608598360
0.5059558751
0.8175614831
0.4622449794
0.6327387002
0.8246973870
0.7022066489
0.9544149031
0.2893162032
0.5144346662
0.4140284829
0.8765657192
0.7297476804
0.7156423350
0.7065354745
0.0190924037
0.5249874056
0.0651938727
0.4889431594
0.6820491199
0.9166338956
0.8900186800
0.1391949988
0.9893624999
0.4460234265
0.5146594575
0.4397255628
0.8066499173
0.2115189572
0.1536044796
0.6163503657
0.0008789995
0.7273349903
0.4177237158
0.6805619840
0.8364198799
0.8287079522
0.0817376092
0.6295718365
0.2135467993
0.3888232377
0.9475450622
0.2692147419
0.2840350369
0.7838652028
0.2821558854
0.0113162264
0.9832357979
0.8197260936
0.3981436905
0.1768803685
0.1577311797
0.2571686560
0.1016373776
0.6347174395
0.7947698130
0.7529404132
0.6334299068
0.5982166362
0.3187778801
0.1174369352
0.5261232768
0.5879889134
0.7029894119
0.1616877087
0.8602256957
0.5568357827
0.3160073382
0.5285482678
0.5881191220
0.4308477921
0.3702262756
0.4468659425
0.3878312187
0.0782632080
0.2539222813
0.6762369215
0.7286083638
0.9447528234
0.9401631203
0.4604341729
0.6613554968
0.6056397039
0.1503938894
0.3438175588
0.5228077134
0.0149505687
0.6429788859
0.9178477192
0.9700866743
0.8439753689
0.4557515977
0.0220837001
0.7069499509
0.4366384496
0.7517100932
0.6956791526
0.7538627464
0.0042539230
0.0799168845
0.9033011836
0.7466791474
0.0063416899
0.5184784227
0.5440227125
0.2158258920
0.6268613705
0.7093198467
0.2802889231
0.3719096866
0.3101689384
0.1037972841
0.7758803289
0.0552787903
0.1602739191
0.2970221100
0.4778043171
0.5199884863
0.1503115332
0.8336821347
0.5777759961
0.3311749554
0.9868829888
